c PyNETGEN v1.0.0
c $ pip install pynetgen
c
c  NETGEN flow network generation algorithm
c  Problem input parameters
c  -------------------------------------
c   Random seed:          74171435
c   Number of nodes:      300
c   Source nodes:         8
c   Sink nodes:           9
c   Number of arcs:       2000
c   Minimum arc cost:     2
c   Maximum arc cost:     200
c   Total supply:         4000
c   Transshipment -
c     Sources:            0
c     Sinks:              0
c   Skeleton arcs -
c     With max cost:      50
c     Capacitated:        100
c   Minimum arc capacity: 1
c   Maximum arc capacity: 10
c
c  *** Minimum cost flow ***
c
p min 300 4000
n 1 1116
n 2 99
n 3 381
n 4 339
n 5 560
n 6 684
n 7 397
n 8 424
n 292 -198
n 293 -270
n 294 -856
n 295 -97
n 296 -1446
n 297 -111
n 298 -485
n 299 -347
n 300 -190
a 1 189 0 1116 45
a 1 120 0 3 71
a 1 64 0 5 109
a 1 224 0 1 99
a 1 55 0 6 199
a 1 53 0 1 14
a 1 104 0 1 25
a 1 21 0 5 156
a 1 136 0 10 37
a 1 202 0 7 24
a 1 119 0 7 81
a 1 115 0 4 49
a 22 142 0 1116 200
a 22 119 0 2 67
a 22 253 0 6 174
a 22 72 0 5 125
a 22 78 0 6 157
a 23 22 0 1116 200
a 23 143 0 1 117
a 23 91 0 4 193
a 38 175 0 1116 49
a 38 282 0 10 146
a 38 294 0 10 7
a 38 251 0 8 121
a 53 88 0 1116 18
a 53 84 0 6 193
a 53 96 0 2 173
a 53 186 0 3 114
a 63 111 0 1116 16
a 63 99 0 2 29
a 63 149 0 2 143
a 63 65 0 4 39
a 63 229 0 9 74
a 63 54 0 1 169
a 63 296 0 6 22
a 63 260 0 10 95
a 63 33 0 3 172
a 63 40 0 1 37
a 72 282 0 1116 164
a 72 23 0 4 33
a 72 22 0 8 96
a 72 218 0 4 95
a 72 216 0 4 140
a 72 289 0 3 130
a 72 161 0 7 184
a 72 53 0 9 18
a 72 9 0 5 99
a 72 20 0 3 157
a 72 41 0 7 91
a 80 214 0 1116 120
a 80 30 0 7 165
a 80 117 0 3 37
a 80 230 0 6 65
a 80 22 0 7 131
a 80 259 0 5 31
a 80 216 0 8 106
a 80 146 0 4 90
a 80 162 0 10 133
a 80 132 0 5 185
a 80 155 0 10 107
a 88 229 0 1116 91
a 88 225 0 1 44
a 88 66 0 4 156
a 88 247 0 1 140
a 88 63 0 4 20
a 99 80 0 1116 200
a 99 20 0 10 161
a 99 27 0 10 36
a 99 291 0 9 65
a 99 106 0 10 54
a 99 121 0 6 69
a 99 221 0 3 3
a 111 125 0 1116 78
a 111 239 0 5 187
a 111 9 0 6 43
a 111 140 0 8 86
a 111 79 0 8 159
a 111 254 0 6 110
a 111 66 0 1 107
a 111 85 0 7 146
a 111 51 0 5 166
a 111 16 0 2 117
a 111 65 0 10 200
a 111 248 0 4 92
a 113 99 0 1116 106
a 113 131 0 7 148
a 113 233 0 2 155
a 113 54 0 4 113
a 113 240 0 5 122
a 113 256 0 10 36
a 113 133 0 7 92
a 113 177 0 5 155
a 113 123 0 1 141
a 113 152 0 1 21
a 125 38 0 1116 200
a 125 59 0 4 170
a 125 138 0 10 135
a 125 236 0 4 93
a 125 226 0 5 77
a 125 270 0 2 4
a 130 72 0 1116 30
a 130 121 0 7 33
a 130 47 0 8 96
a 130 41 0 10 26
a 130 234 0 10 42
a 130 294 0 10 44
a 130 231 0 4 126
a 130 190 0 1 181
a 130 189 0 2 61
a 130 200 0 3 46
a 130 227 0 4 149
a 130 285 0 2 138
a 142 188 0 1116 158
a 142 261 0 4 8
a 142 167 0 1 80
a 142 222 0 10 113
a 142 205 0 10 140
a 142 256 0 4 186
a 142 204 0 6 75
a 142 283 0 7 128
a 152 154 0 1116 138
a 152 172 0 3 65
a 152 20 0 7 27
a 152 166 0 1 63
a 152 187 0 2 150
a 152 57 0 8 127
a 152 73 0 5 29
a 152 200 0 2 172
a 154 240 0 1116 200
a 154 74 0 1 38
a 160 23 0 1116 62
a 160 49 0 5 59
a 160 74 0 7 123
a 160 99 0 3 18
a 160 144 0 1 43
a 160 218 0 7 179
a 160 219 0 8 3
a 160 88 0 5 92
a 160 159 0 8 146
a 160 36 0 2 197
a 160 141 0 2 4
a 160 149 0 8 123
a 165 152 0 1116 200
a 165 271 0 1 99
a 165 276 0 7 107
a 165 287 0 7 9
a 165 186 0 3 59
a 165 223 0 7 156
a 165 63 0 2 199
a 165 200 0 5 140
a 165 168 0 8 141
a 165 139 0 4 136
a 165 230 0 3 130
a 166 165 0 1116 200
a 166 220 0 1 158
a 166 63 0 2 54
a 166 62 0 9 147
a 166 133 0 7 17
a 166 188 0 9 75
a 166 87 0 8 105
a 166 206 0 10 135
a 166 13 0 3 174
a 166 14 0 6 77
a 166 296 0 1 42
a 175 160 0 1116 35
a 175 19 0 10 155
a 175 284 0 2 85
a 175 251 0 10 92
a 175 55 0 5 175
a 175 120 0 8 18
a 175 58 0 2 7
a 188 247 0 1116 200
a 188 184 0 9 190
a 188 228 0 4 31
a 188 230 0 6 200
a 188 31 0 7 84
a 188 248 0 6 126
a 188 115 0 9 97
a 188 231 0 7 25
a 188 110 0 5 73
a 188 193 0 8 85
a 188 201 0 6 50
a 188 126 0 6 89
a 189 130 0 1116 84
a 189 43 0 2 71
a 190 298 0 1116 76
a 190 62 0 3 153
a 190 92 0 6 31
a 190 66 0 7 147
a 190 128 0 1 198
a 190 81 0 3 4
a 190 148 0 3 134
a 190 158 0 1 31
a 213 281 0 1116 74
a 213 269 0 2 9
a 213 250 0 1 88
a 213 199 0 4 22
a 213 176 0 2 171
a 213 180 0 6 187
a 213 275 0 9 163
a 214 261 0 1116 200
a 214 48 0 8 132
a 228 63 0 1116 200
a 228 94 0 6 87
a 228 221 0 7 48
a 229 296 0 1116 200
a 229 213 0 1116 200
a 229 25 0 7 139
a 231 190 0 1116 200
a 231 233 0 6 82
a 231 163 0 5 100
a 231 218 0 10 52
a 231 182 0 10 95
a 231 232 0 9 181
a 231 228 0 3 60
a 240 53 0 1116 55
a 240 56 0 1 73
a 240 223 0 9 118
a 240 187 0 1 72
a 240 71 0 4 170
a 240 148 0 8 79
a 240 232 0 2 83
a 240 267 0 8 106
a 247 113 0 1116 200
a 247 245 0 1 198
a 247 176 0 5 42
a 247 156 0 8 73
a 261 166 0 1116 68
a 261 243 0 5 115
a 261 240 0 7 177
a 261 219 0 10 120
a 261 74 0 2 38
a 261 70 0 4 17
a 261 79 0 7 47
a 281 231 0 1116 33
a 281 62 0 2 102
a 281 223 0 7 7
a 281 57 0 4 7
a 281 92 0 5 72
a 281 230 0 5 131
a 281 275 0 3 66
a 281 119 0 3 144
a 282 228 0 1116 197
a 282 155 0 9 30
a 282 81 0 7 145
a 282 252 0 1 124
a 282 292 0 8 37
a 2 10 0 99 117
a 2 261 0 2 56
a 2 44 0 6 114
a 2 65 0 1 13
a 2 224 0 7 108
a 2 117 0 7 156
a 2 254 0 9 112
a 10 127 0 99 99
a 10 176 0 3 109
a 10 46 0 4 176
a 10 253 0 3 116
a 10 234 0 10 93
a 10 115 0 5 27
a 10 293 0 5 28
a 10 178 0 2 157
a 10 141 0 10 69
a 10 166 0 4 43
a 20 97 0 99 200
a 20 61 0 1 119
a 20 289 0 8 73
a 20 167 0 3 68
a 20 234 0 6 124
a 20 53 0 2 93
a 20 104 0 7 88
a 29 95 0 99 200
a 29 267 0 10 29
a 29 201 0 6 99
a 29 259 0 1 120
a 29 196 0 9 138
a 29 269 0 2 19
a 31 206 0 99 183
a 31 226 0 1 15
a 32 120 0 99 200
a 32 251 0 8 39
a 32 175 0 10 55
a 32 148 0 10 149
a 32 45 0 6 174
a 32 63 0 4 164
a 41 171 0 99 200
a 41 167 0 5 94
a 41 210 0 7 190
a 45 271 0 99 200
a 45 258 0 7 138
a 45 293 0 7 132
a 45 193 0 7 144
a 45 172 0 2 174
a 45 150 0 9 147
a 45 236 0 2 46
a 45 277 0 8 64
a 61 217 0 99 20
a 61 261 0 4 167
a 61 139 0 10 7
a 61 220 0 6 102
a 61 167 0 6 167
a 61 121 0 7 87
a 61 68 0 7 135
a 61 209 0 8 63
a 61 215 0 8 138
a 61 195 0 1 164
a 61 50 0 3 37
a 61 130 0 3 19
a 66 41 0 99 66
a 66 155 0 4 81
a 70 100 0 99 200
a 70 24 0 4 129
a 70 134 0 3 149
a 70 291 0 9 141
a 70 235 0 3 176
a 70 67 0 6 125
a 70 236 0 9 83
a 73 29 0 99 76
a 73 135 0 3 35
a 73 48 0 3 76
a 73 228 0 9 102
a 73 181 0 10 145
a 73 288 0 10 90
a 73 131 0 7 129
a 73 259 0 1 83
a 73 37 0 5 151
a 73 70 0 9 31
a 73 81 0 2 150
a 73 169 0 6 187
a 95 298 0 99 101
a 95 191 0 10 31
a 95 88 0 5 167
a 95 212 0 9 37
a 95 225 0 7 121
a 95 69 0 3 70
a 95 224 0 1 10
a 95 160 0 7 2
a 95 153 0 2 119
a 95 278 0 5 63
a 95 132 0 9 139
a 97 73 0 99 200
a 97 294 0 3 12
a 97 128 0 7 39
a 100 193 0 99 200
a 100 218 0 6 94
a 100 239 0 7 149
a 100 60 0 7 98
a 100 242 0 7 172
a 100 265 0 6 97
a 100 84 0 8 55
a 100 299 0 9 174
a 100 144 0 5 25
a 117 272 0 99 194
a 117 256 0 7 187
a 120 238 0 99 85
a 120 281 0 10 196
a 127 159 0 99 170
a 127 12 0 9 61
a 127 49 0 7 95
a 127 168 0 3 45
a 127 163 0 4 65
a 127 21 0 3 86
a 127 94 0 6 85
a 127 119 0 9 115
a 127 151 0 9 108
a 127 22 0 9 90
a 127 148 0 4 20
a 144 66 0 99 200
a 144 50 0 1 138
a 159 221 0 99 200
a 159 217 0 10 200
a 159 263 0 8 63
a 159 214 0 1 50
a 159 247 0 5 15
a 159 91 0 10 38
a 159 16 0 5 27
a 171 20 0 99 114
a 171 286 0 6 5
a 171 226 0 3 155
a 171 252 0 7 101
a 171 38 0 8 135
a 171 138 0 8 16
a 171 65 0 6 117
a 171 279 0 8 92
a 171 24 0 4 176
a 171 10 0 1 83
a 193 232 0 99 200
a 193 144 0 9 71
a 193 18 0 4 173
a 193 229 0 9 118
a 193 125 0 2 39
a 193 21 0 7 92
a 193 57 0 2 70
a 193 173 0 1 129
a 193 159 0 10 76
a 193 298 0 3 26
a 195 45 0 99 200
a 195 103 0 3 76
a 195 198 0 3 111
a 195 246 0 9 164
a 195 223 0 9 193
a 195 204 0 8 85
a 195 192 0 1 29
a 195 279 0 10 173
a 195 87 0 8 139
a 195 134 0 4 153
a 195 233 0 4 65
a 195 54 0 7 55
a 206 233 0 99 136
a 206 231 0 3 135
a 206 87 0 6 92
a 206 20 0 7 89
a 206 201 0 3 98
a 206 200 0 9 158
a 206 50 0 10 21
a 206 175 0 6 80
a 217 144 0 99 123
a 217 290 0 4 188
a 217 94 0 9 125
a 217 30 0 4 108
a 217 12 0 6 194
a 217 293 0 2 126
a 217 128 0 4 178
a 217 268 0 8 101
a 218 268 0 99 200
a 218 221 0 10 119
a 218 149 0 2 110
a 218 119 0 10 117
a 218 70 0 6 15
a 218 223 0 9 37
a 218 267 0 8 151
a 218 259 0 5 3
a 218 241 0 3 183
a 218 180 0 2 88
a 218 28 0 9 158
a 221 294 0 99 200
a 221 218 0 99 200
a 221 230 0 8 78
a 221 169 0 1 95
a 221 47 0 6 64
a 221 233 0 4 173
a 221 36 0 3 168
a 223 70 0 99 174
a 223 207 0 6 149
a 223 193 0 1 118
a 223 106 0 7 11
a 223 264 0 8 14
a 223 116 0 4 179
a 223 98 0 9 19
a 223 246 0 1 188
a 223 162 0 3 75
a 223 27 0 6 27
a 223 191 0 8 141
a 223 212 0 8 158
a 232 195 0 99 189
a 232 92 0 7 33
a 232 157 0 4 87
a 232 64 0 1 4
a 232 245 0 10 93
a 232 81 0 4 194
a 232 208 0 6 72
a 233 284 0 99 156
a 233 217 0 8 176
a 233 262 0 8 65
a 233 48 0 8 62
a 233 271 0 5 146
a 233 275 0 5 125
a 233 228 0 10 50
a 233 72 0 10 165
a 233 122 0 1 55
a 238 223 0 99 40
a 238 252 0 6 170
a 238 77 0 10 25
a 238 76 0 2 152
a 266 32 0 99 200
a 266 186 0 7 104
a 266 121 0 7 199
a 266 251 0 2 8
a 266 149 0 10 192
a 266 191 0 3 82
a 266 236 0 6 67
a 266 59 0 8 24
a 266 294 0 3 150
a 266 87 0 10 36
a 266 163 0 4 178
a 266 225 0 3 114
a 268 31 0 99 200
a 268 30 0 5 160
a 268 269 0 3 174
a 268 260 0 1 110
a 268 247 0 6 65
a 271 61 0 99 79
a 271 140 0 9 45
a 271 104 0 8 96
a 271 98 0 8 188
a 271 277 0 9 107
a 271 246 0 3 165
a 271 296 0 1 177
a 271 56 0 9 46
a 272 266 0 99 19
a 272 159 0 10 181
a 272 14 0 6 79
a 272 204 0 3 73
a 272 121 0 9 76
a 284 117 0 99 139
a 284 218 0 8 20
a 284 222 0 3 44
a 284 201 0 2 77
a 284 266 0 4 194
a 284 192 0 1 112
a 284 72 0 5 126
a 3 186 0 381 16
a 3 230 0 5 138
a 16 241 0 381 116
a 16 124 0 8 154
a 21 131 0 381 5
a 21 13 0 2 42
a 21 151 0 4 97
a 21 138 0 10 78
a 24 137 0 381 100
a 24 167 0 7 133
a 48 132 0 381 200
a 48 218 0 3 18
a 52 259 0 381 108
a 52 141 0 6 109
a 52 32 0 10 172
a 52 246 0 10 111
a 52 65 0 8 164
a 52 36 0 6 69
a 52 16 0 1 43
a 52 188 0 8 172
a 52 97 0 1 25
a 54 254 0 381 33
a 54 199 0 9 188
a 54 238 0 2 100
a 54 39 0 9 35
a 54 236 0 9 179
a 54 147 0 10 64
a 77 91 0 381 162
a 77 183 0 2 166
a 77 239 0 6 169
a 77 241 0 10 181
a 77 150 0 2 17
a 77 28 0 2 96
a 77 121 0 2 143
a 77 57 0 1 166
a 87 300 0 381 189
a 87 211 0 381 99
a 87 53 0 4 89
a 87 176 0 7 83
a 87 155 0 5 196
a 87 124 0 10 164
a 87 195 0 8 46
a 87 143 0 1 72
a 91 93 0 381 186
a 91 286 0 6 87
a 91 100 0 9 179
a 91 240 0 9 15
a 91 145 0 7 71
a 91 180 0 10 164
a 91 47 0 8 14
a 91 29 0 5 108
a 91 243 0 3 113
a 91 18 0 6 67
a 91 184 0 2 65
a 91 205 0 9 158
a 93 54 0 381 151
a 93 46 0 10 195
a 93 193 0 10 152
a 93 174 0 8 129
a 93 77 0 1 5
a 93 230 0 1 165
a 93 185 0 5 16
a 93 37 0 5 151
a 93 123 0 2 177
a 94 48 0 381 200
a 94 96 0 9 45
a 94 21 0 2 89
a 94 29 0 4 46
a 94 201 0 9 118
a 94 80 0 9 194
a 94 267 0 4 31
a 94 157 0 3 125
a 94 293 0 10 142
a 108 24 0 381 200
a 108 164 0 4 145
a 108 26 0 5 147
a 108 92 0 8 63
a 108 152 0 4 190
a 108 141 0 9 29
a 110 230 0 381 64
a 110 194 0 1 136
a 110 235 0 3 123
a 110 156 0 3 120
a 110 105 0 8 150
a 110 27 0 4 139
a 110 71 0 5 170
a 110 178 0 10 190
a 110 170 0 5 15
a 110 148 0 7 12
a 118 286 0 381 117
a 118 19 0 5 160
a 118 142 0 4 168
a 118 78 0 9 149
a 118 265 0 7 86
a 118 21 0 1 132
a 118 259 0 4 121
a 118 185 0 10 111
a 118 96 0 1 51
a 118 191 0 3 61
a 122 192 0 381 200
a 122 128 0 4 188
a 122 279 0 7 70
a 122 293 0 8 23
a 122 268 0 10 30
a 122 44 0 7 147
a 123 208 0 381 200
a 123 108 0 6 125
a 123 198 0 8 76
a 123 288 0 10 200
a 123 175 0 7 193
a 123 267 0 6 78
a 123 233 0 7 147
a 123 274 0 8 116
a 123 259 0 7 151
a 123 280 0 5 141
a 123 106 0 6 119
a 123 21 0 5 18
a 124 242 0 381 200
a 124 225 0 10 93
a 124 227 0 1 27
a 131 122 0 381 200
a 131 269 0 1 154
a 131 87 0 6 187
a 131 112 0 8 63
a 131 263 0 1 8
a 131 71 0 8 119
a 131 298 0 7 129
a 131 217 0 3 33
a 131 152 0 7 186
a 131 231 0 9 129
a 132 191 0 381 149
a 132 180 0 3 7
a 132 57 0 3 188
a 132 157 0 8 16
a 132 217 0 3 193
a 132 94 0 7 55
a 132 71 0 8 13
a 132 147 0 9 93
a 137 164 0 381 199
a 137 116 0 4 186
a 137 62 0 9 36
a 137 142 0 8 26
a 137 92 0 2 196
a 137 99 0 6 148
a 137 290 0 5 26
a 138 94 0 381 200
a 138 198 0 9 97
a 138 296 0 4 164
a 138 245 0 10 154
a 138 141 0 3 44
a 138 187 0 3 58
a 164 110 0 381 45
a 164 241 0 10 13
a 164 117 0 9 83
a 164 161 0 3 11
a 164 250 0 4 123
a 164 128 0 2 37
a 164 144 0 5 200
a 164 131 0 7 174
a 164 109 0 8 142
a 164 21 0 9 43
a 182 257 0 381 133
a 182 111 0 1 66
a 182 93 0 6 88
a 182 135 0 1 137
a 182 28 0 6 198
a 182 43 0 2 157
a 182 299 0 4 178
a 182 273 0 3 20
a 182 110 0 3 2
a 182 92 0 8 149
a 182 181 0 3 172
a 182 225 0 10 45
a 186 265 0 381 200
a 186 268 0 8 164
a 186 67 0 4 183
a 186 210 0 5 37
a 186 200 0 10 46
a 186 65 0 7 51
a 186 274 0 2 152
a 186 123 0 7 180
a 186 286 0 9 200
a 186 134 0 4 80
a 186 33 0 8 122
a 191 52 0 381 200
a 191 31 0 3 48
a 191 60 0 7 148
a 191 59 0 10 9
a 191 83 0 4 179
a 191 228 0 5 59
a 192 123 0 381 200
a 192 248 0 8 155
a 192 264 0 4 174
a 192 223 0 6 132
a 192 97 0 10 16
a 208 87 0 381 6
a 208 173 0 9 14
a 208 291 0 7 65
a 208 148 0 1 163
a 208 90 0 4 20
a 208 197 0 9 80
a 208 213 0 5 31
a 211 77 0 381 200
a 211 187 0 2 110
a 211 255 0 5 196
a 211 71 0 10 129
a 211 35 0 6 118
a 211 156 0 8 90
a 211 74 0 9 16
a 211 25 0 1 89
a 211 117 0 3 87
a 230 293 0 381 200
a 230 75 0 10 27
a 241 21 0 381 85
a 241 99 0 2 142
a 241 12 0 5 150
a 241 126 0 2 117
a 241 76 0 4 173
a 241 145 0 2 192
a 241 168 0 7 71
a 241 258 0 4 65
a 241 266 0 10 97
a 241 274 0 7 67
a 242 16 0 381 146
a 242 46 0 3 150
a 254 291 0 381 171
a 254 296 0 8 95
a 254 97 0 5 46
a 257 288 0 381 4
a 257 136 0 1 12
a 257 105 0 4 110
a 257 111 0 10 117
a 259 124 0 381 116
a 259 56 0 4 128
a 259 75 0 1 46
a 259 262 0 5 47
a 259 152 0 9 80
a 259 286 0 1 132
a 259 271 0 1 51
a 259 299 0 6 51
a 259 250 0 5 72
a 259 148 0 3 41
a 265 118 0 381 116
a 265 59 0 2 151
a 265 272 0 9 22
a 265 243 0 6 175
a 265 163 0 9 42
a 265 260 0 8 171
a 286 182 0 381 200
a 286 239 0 9 62
a 286 67 0 7 189
a 286 184 0 2 160
a 286 174 0 9 180
a 286 168 0 2 139
a 288 138 0 381 200
a 288 145 0 5 98
a 288 283 0 6 26
a 291 108 0 381 200
a 291 228 0 3 74
a 291 136 0 3 13
a 4 84 0 339 200
a 4 262 0 9 49
a 4 173 0 5 95
a 4 234 0 10 190
a 4 61 0 10 151
a 4 160 0 2 169
a 4 264 0 7 188
a 4 267 0 5 52
a 30 86 0 339 189
a 30 151 0 2 36
a 30 294 0 3 140
a 30 110 0 6 158
a 30 32 0 9 64
a 30 21 0 5 132
a 30 18 0 1 48
a 30 166 0 1 69
a 30 13 0 5 38
a 30 285 0 10 154
a 30 185 0 3 72
a 30 63 0 5 19
a 33 49 0 339 200
a 33 80 0 3 71
a 35 57 0 339 5
a 35 212 0 10 162
a 35 32 0 7 127
a 35 13 0 10 94
a 35 277 0 8 144
a 35 36 0 8 107
a 35 141 0 10 3
a 35 64 0 10 36
a 35 294 0 8 160
a 43 209 0 339 124
a 43 296 0 4 93
a 43 122 0 4 158
a 43 266 0 6 13
a 43 97 0 8 53
a 43 273 0 5 66
a 43 67 0 4 187
a 43 39 0 2 150
a 43 9 0 3 108
a 43 113 0 1 50
a 43 290 0 2 191
a 47 35 0 339 200
a 47 129 0 10 33
a 47 165 0 1 16
a 47 270 0 4 19
a 47 250 0 9 131
a 47 150 0 3 175
a 47 61 0 8 30
a 47 278 0 7 156
a 47 214 0 7 75
a 47 34 0 5 111
a 49 258 0 339 200
a 49 284 0 9 41
a 49 174 0 2 15
a 49 90 0 10 146
a 49 97 0 5 106
a 55 256 0 339 185
a 55 182 0 7 40
a 55 65 0 9 106
a 55 231 0 7 159
a 55 190 0 1 95
a 55 113 0 6 151
a 57 58 0 339 189
a 57 105 0 1 99
a 57 256 0 3 98
a 57 270 0 4 145
a 57 278 0 10 20
a 57 39 0 7 90
a 57 95 0 5 177
a 57 73 0 8 25
a 57 150 0 9 62
a 57 114 0 5 185
a 57 24 0 8 168
a 57 101 0 3 113
a 58 207 0 339 200
a 58 30 0 3 14
a 58 194 0 9 11
a 58 130 0 6 196
a 58 82 0 2 98
a 58 267 0 5 148
a 60 98 0 339 19
a 60 136 0 9 107
a 60 9 0 1 96
a 60 188 0 9 137
a 60 120 0 9 134
a 60 150 0 10 60
a 60 209 0 8 173
a 60 221 0 6 136
a 81 202 0 339 200
a 81 259 0 2 87
a 81 67 0 8 78
a 81 15 0 6 112
a 81 196 0 9 8
a 82 60 0 339 70
a 82 28 0 3 157
a 82 186 0 4 27
a 83 133 0 339 200
a 83 63 0 3 16
a 83 226 0 10 144
a 83 49 0 1 28
a 83 219 0 2 152
a 83 61 0 4 17
a 83 166 0 10 102
a 83 132 0 2 188
a 83 190 0 3 179
a 83 76 0 6 71
a 83 160 0 1 193
a 84 55 0 339 200
a 84 22 0 2 131
a 84 195 0 4 128
a 84 129 0 6 126
a 84 177 0 1 79
a 84 228 0 6 27
a 84 219 0 8 172
a 84 208 0 7 167
a 84 251 0 3 152
a 84 120 0 6 164
a 84 77 0 3 137
a 86 226 0 339 200
a 86 215 0 2 129
a 86 38 0 1 151
a 86 197 0 6 73
a 86 284 0 7 116
a 86 13 0 4 84
a 86 195 0 9 176
a 86 66 0 5 184
a 96 33 0 339 200
a 96 136 0 7 116
a 96 170 0 3 60
a 96 79 0 2 101
a 96 294 0 9 176
a 96 179 0 5 106
a 96 13 0 4 91
a 96 182 0 1 160
a 96 113 0 6 153
a 96 287 0 2 168
a 98 43 0 339 200
a 98 138 0 7 147
a 98 233 0 6 49
a 98 131 0 10 199
a 98 294 0 1 144
a 98 285 0 4 55
a 98 12 0 6 59
a 98 144 0 2 25
a 98 274 0 2 86
a 98 222 0 2 161
a 98 150 0 2 127
a 98 38 0 5 140
a 106 30 0 339 117
a 106 278 0 2 149
a 106 67 0 6 64
a 106 42 0 7 67
a 106 193 0 5 181
a 106 139 0 7 105
a 106 293 0 5 160
a 106 282 0 10 63
a 106 172 0 7 89
a 106 200 0 3 125
a 106 272 0 2 69
a 106 253 0 5 166
a 114 244 0 339 200
a 114 238 0 6 191
a 114 188 0 10 153
a 114 65 0 6 140
a 114 225 0 8 74
a 114 75 0 9 126
a 114 152 0 4 36
a 133 114 0 339 158
a 133 226 0 9 196
a 133 25 0 4 46
a 133 160 0 3 28
a 133 29 0 2 129
a 133 47 0 1 104
a 133 120 0 7 44
a 133 272 0 9 36
a 133 210 0 7 17
a 133 103 0 3 87
a 145 81 0 339 25
a 145 128 0 5 25
a 145 272 0 6 158
a 145 203 0 7 65
a 145 217 0 1 70
a 180 270 0 339 30
a 180 188 0 6 129
a 180 254 0 7 44
a 180 165 0 5 200
a 180 72 0 7 153
a 183 82 0 339 133
a 183 219 0 1 45
a 183 180 0 4 55
a 183 155 0 5 149
a 183 281 0 2 145
a 183 131 0 5 11
a 183 257 0 4 57
a 183 294 0 1 142
a 202 227 0 339 200
a 202 184 0 2 149
a 202 277 0 2 18
a 202 251 0 7 177
a 202 260 0 4 113
a 205 47 0 339 60
a 205 36 0 1 61
a 205 84 0 10 130
a 205 111 0 1 103
a 205 125 0 6 153
a 205 107 0 10 183
a 205 185 0 10 180
a 205 290 0 5 154
a 205 24 0 5 199
a 205 66 0 7 78
a 205 223 0 10 89
a 205 167 0 8 149
a 207 183 0 339 68
a 207 38 0 10 53
a 207 12 0 3 176
a 207 278 0 4 164
a 207 65 0 8 70
a 207 28 0 5 87
a 207 233 0 10 32
a 207 136 0 4 117
a 207 205 0 6 149
a 209 145 0 339 200
a 209 109 0 6 162
a 209 265 0 7 161
a 209 143 0 3 28
a 209 269 0 3 24
a 209 185 0 9 183
a 209 261 0 2 66
a 209 65 0 5 51
a 209 277 0 3 66
a 209 153 0 10 88
a 209 115 0 2 166
a 215 246 0 339 200
a 215 298 0 339 200
a 215 89 0 8 196
a 215 294 0 6 17
a 215 259 0 3 117
a 215 23 0 3 190
a 215 95 0 4 168
a 215 229 0 8 92
a 215 183 0 7 108
a 226 273 0 339 200
a 226 155 0 7 135
a 226 187 0 6 136
a 226 34 0 10 192
a 226 190 0 6 60
a 226 147 0 2 163
a 227 283 0 339 200
a 227 276 0 2 114
a 227 41 0 9 193
a 244 96 0 339 113
a 244 200 0 3 121
a 244 9 0 9 15
a 246 83 0 339 200
a 246 180 0 5 26
a 246 99 0 8 176
a 246 108 0 5 123
a 246 220 0 7 16
a 246 62 0 10 167
a 246 64 0 7 52
a 246 140 0 6 123
a 246 116 0 1 139
a 246 58 0 10 26
a 256 205 0 339 200
a 256 224 0 8 92
a 256 74 0 6 35
a 256 228 0 6 197
a 256 138 0 1 30
a 256 288 0 3 55
a 258 180 0 339 114
a 258 266 0 9 61
a 258 245 0 4 120
a 258 109 0 4 177
a 258 235 0 10 195
a 258 156 0 6 53
a 258 274 0 9 4
a 258 187 0 2 78
a 270 106 0 339 142
a 270 238 0 4 2
a 270 119 0 2 160
a 270 249 0 7 75
a 273 294 0 339 87
a 273 101 0 7 190
a 273 31 0 5 148
a 273 53 0 9 153
a 273 16 0 5 131
a 273 75 0 4 115
a 273 125 0 4 98
a 273 288 0 4 155
a 283 215 0 339 139
a 283 245 0 6 107
a 283 122 0 8 37
a 283 237 0 2 200
a 283 291 0 3 11
a 283 154 0 3 88
a 283 49 0 9 162
a 283 53 0 1 150
a 5 264 0 560 53
a 5 265 0 1 129
a 5 168 0 3 119
a 5 272 0 4 44
a 12 143 0 560 200
a 12 9 0 1 147
a 12 179 0 10 158
a 12 25 0 8 144
a 12 109 0 8 189
a 13 252 0 560 97
a 13 12 0 9 16
a 13 217 0 4 36
a 13 215 0 1 17
a 13 292 0 7 45
a 13 163 0 3 161
a 13 201 0 4 28
a 13 28 0 2 158
a 13 250 0 6 111
a 13 274 0 9 65
a 13 111 0 3 119
a 14 194 0 560 200
a 14 133 0 6 24
a 14 279 0 8 129
a 14 13 0 5 154
a 14 249 0 1 160
a 14 178 0 3 114
a 14 126 0 4 167
a 14 190 0 3 107
a 50 245 0 560 178
a 50 176 0 7 69
a 50 45 0 2 65
a 50 223 0 3 85
a 50 134 0 8 59
a 50 39 0 3 31
a 50 232 0 6 175
a 50 30 0 6 117
a 51 105 0 560 200
a 51 187 0 9 114
a 51 171 0 8 47
a 51 99 0 1 168
a 51 111 0 9 189
a 51 114 0 4 93
a 51 277 0 5 77
a 51 243 0 9 68
a 51 169 0 2 194
a 51 152 0 3 43
a 62 262 0 560 120
a 62 10 0 4 177
a 62 95 0 2 78
a 62 107 0 6 183
a 62 205 0 3 195
a 62 96 0 2 86
a 62 148 0 9 44
a 64 13 0 560 200
a 64 142 0 9 193
a 64 228 0 10 114
a 64 216 0 1 183
a 64 199 0 6 107
a 75 289 0 560 174
a 75 211 0 5 74
a 75 17 0 5 99
a 75 61 0 3 115
a 75 47 0 9 28
a 75 268 0 4 87
a 75 117 0 5 58
a 75 106 0 4 152
a 76 222 0 560 123
a 76 141 0 9 28
a 76 89 0 3 142
a 76 165 0 4 179
a 76 46 0 10 167
a 76 56 0 6 101
a 76 17 0 3 40
a 76 128 0 5 99
a 76 227 0 1 147
a 76 140 0 8 49
a 85 172 0 560 200
a 85 177 0 5 119
a 85 242 0 9 163
a 85 156 0 1 39
a 85 206 0 6 191
a 85 264 0 4 91
a 85 154 0 7 27
a 105 134 0 560 15
a 105 23 0 8 189
a 105 149 0 4 173
a 105 181 0 6 27
a 105 168 0 4 178
a 105 278 0 3 115
a 105 267 0 6 42
a 105 196 0 9 17
a 134 274 0 560 200
a 134 51 0 9 171
a 134 84 0 3 4
a 134 46 0 10 72
a 134 165 0 6 33
a 134 189 0 4 190
a 135 12 0 560 127
a 135 137 0 1 55
a 135 265 0 1 199
a 135 150 0 10 154
a 135 168 0 1 125
a 143 296 0 560 186
a 143 50 0 560 61
a 143 223 0 5 43
a 143 225 0 2 90
a 143 102 0 10 180
a 146 75 0 560 200
a 146 108 0 10 71
a 146 129 0 2 51
a 146 97 0 3 136
a 147 85 0 560 62
a 147 33 0 7 129
a 147 211 0 5 62
a 147 242 0 1 128
a 158 64 0 560 39
a 158 72 0 3 77
a 158 261 0 3 129
a 158 140 0 4 19
a 158 124 0 2 105
a 158 276 0 9 185
a 158 49 0 1 7
a 158 275 0 2 132
a 158 196 0 3 170
a 158 201 0 10 97
a 163 158 0 560 183
a 163 59 0 5 22
a 163 241 0 8 35
a 163 215 0 3 38
a 163 180 0 5 83
a 163 292 0 2 13
a 163 76 0 4 11
a 163 45 0 4 93
a 172 135 0 560 117
a 172 128 0 8 158
a 172 201 0 6 95
a 172 26 0 8 66
a 172 190 0 7 11
a 172 41 0 4 171
a 172 257 0 10 158
a 172 262 0 7 36
a 172 139 0 7 136
a 194 249 0 560 146
a 194 135 0 3 12
a 194 228 0 1 25
a 194 28 0 10 127
a 194 49 0 6 18
a 194 98 0 10 86
a 194 46 0 10 137
a 194 208 0 3 40
a 194 80 0 1 68
a 194 190 0 8 140
a 201 219 0 560 200
a 201 291 0 1 56
a 210 62 0 560 56
a 210 159 0 10 101
a 210 229 0 6 17
a 210 285 0 10 146
a 210 168 0 7 111
a 210 171 0 4 111
a 219 163 0 560 200
a 219 38 0 5 85
a 219 251 0 2 84
a 219 43 0 3 37
a 219 287 0 10 104
a 219 191 0 7 65
a 219 127 0 10 174
a 219 80 0 2 110
a 222 210 0 560 118
a 222 163 0 8 111
a 222 137 0 5 71
a 222 234 0 5 111
a 222 189 0 4 122
a 222 158 0 3 3
a 222 128 0 6 13
a 222 40 0 1 70
a 222 289 0 10 105
a 222 227 0 7 35
a 234 248 0 560 200
a 234 21 0 3 195
a 234 44 0 10 61
a 234 37 0 3 56
a 236 201 0 560 164
a 236 158 0 3 78
a 236 255 0 7 120
a 236 232 0 7 66
a 236 141 0 1 102
a 245 51 0 560 200
a 245 262 0 8 27
a 245 206 0 7 9
a 245 115 0 6 9
a 245 21 0 3 166
a 245 169 0 1 169
a 245 272 0 10 193
a 245 55 0 5 125
a 245 111 0 1 139
a 245 24 0 4 150
a 248 76 0 560 200
a 248 24 0 7 115
a 248 46 0 2 175
a 248 29 0 9 32
a 248 56 0 2 30
a 248 26 0 9 55
a 249 280 0 560 200
a 249 43 0 8 60
a 249 162 0 1 180
a 249 82 0 5 116
a 249 10 0 2 41
a 249 190 0 10 99
a 249 269 0 2 136
a 249 25 0 3 17
a 249 193 0 10 136
a 249 282 0 9 143
a 249 54 0 8 18
a 251 234 0 560 30
a 251 159 0 1 104
a 251 68 0 8 149
a 251 46 0 5 46
a 251 22 0 2 164
a 251 280 0 3 166
a 252 251 0 560 200
a 252 35 0 1 110
a 252 90 0 1 197
a 252 116 0 8 152
a 252 59 0 8 26
a 252 289 0 4 178
a 252 133 0 2 152
a 262 14 0 560 77
a 262 10 0 2 173
a 262 254 0 4 7
a 262 268 0 6 182
a 262 244 0 2 75
a 262 111 0 7 81
a 262 45 0 8 165
a 262 272 0 6 105
a 264 147 0 560 200
a 264 74 0 7 30
a 264 281 0 6 20
a 264 107 0 9 199
a 264 24 0 9 135
a 264 187 0 5 166
a 264 272 0 4 154
a 274 236 0 560 200
a 274 277 0 9 182
a 274 35 0 7 95
a 274 45 0 8 57
a 274 241 0 3 14
a 274 153 0 9 105
a 274 285 0 3 51
a 280 146 0 560 178
a 280 99 0 4 64
a 280 105 0 1 48
a 280 217 0 6 89
a 280 34 0 1 160
a 280 78 0 2 37
a 280 246 0 8 188
a 280 262 0 6 79
a 289 299 0 560 200
a 289 202 0 4 196
a 289 116 0 6 50
a 289 278 0 3 36
a 289 264 0 9 117
a 289 146 0 7 108
a 289 53 0 1 106
a 289 158 0 9 63
a 289 97 0 5 42
a 289 294 0 2 143
a 289 203 0 4 168
a 6 220 0 684 200
a 6 50 0 8 55
a 6 79 0 4 45
a 6 104 0 10 103
a 6 252 0 3 128
a 6 122 0 7 94
a 9 150 0 684 200
a 9 69 0 10 131
a 9 296 0 8 155
a 9 186 0 6 106
a 9 56 0 10 118
a 9 191 0 6 18
a 9 289 0 5 154
a 9 288 0 10 35
a 9 110 0 5 104
a 9 245 0 10 196
a 11 103 0 684 181
a 11 123 0 1 66
a 11 189 0 8 132
a 11 199 0 8 49
a 11 99 0 9 161
a 11 125 0 3 190
a 28 179 0 684 54
a 28 205 0 7 37
a 28 286 0 5 61
a 28 136 0 9 85
a 28 239 0 6 91
a 28 57 0 8 88
a 28 232 0 10 185
a 28 126 0 4 40
a 28 238 0 6 170
a 28 225 0 9 66
a 34 239 0 684 200
a 34 143 0 10 39
a 34 186 0 2 26
a 34 252 0 10 148
a 34 240 0 8 165
a 34 181 0 4 26
a 34 226 0 9 200
a 37 243 0 684 170
a 37 280 0 7 158
a 37 58 0 8 106
a 102 149 0 684 89
a 102 18 0 9 3
a 102 261 0 2 66
a 102 82 0 1 91
a 102 96 0 1 32
a 102 296 0 9 20
a 102 195 0 10 164
a 102 237 0 1 6
a 102 52 0 8 2
a 102 91 0 3 74
a 102 225 0 10 49
a 103 185 0 684 200
a 103 174 0 7 111
a 104 285 0 684 200
a 104 219 0 2 46
a 104 245 0 9 118
a 104 75 0 2 158
a 104 24 0 10 52
a 104 233 0 9 195
a 107 212 0 684 83
a 107 160 0 8 184
a 107 72 0 3 112
a 107 88 0 4 116
a 107 247 0 4 178
a 107 132 0 4 97
a 107 280 0 6 96
a 107 11 0 6 63
a 107 13 0 3 69
a 107 213 0 5 44
a 109 34 0 684 200
a 109 164 0 10 65
a 109 273 0 8 175
a 109 90 0 7 69
a 109 38 0 7 65
a 109 35 0 10 114
a 109 145 0 10 133
a 126 11 0 684 193
a 126 110 0 8 194
a 126 287 0 6 161
a 126 158 0 8 55
a 126 135 0 2 64
a 126 112 0 10 53
a 126 267 0 2 31
a 126 159 0 9 118
a 126 284 0 4 100
a 128 198 0 684 171
a 128 139 0 3 90
a 128 234 0 5 96
a 128 162 0 9 86
a 128 23 0 5 7
a 128 78 0 5 27
a 128 266 0 7 135
a 136 177 0 684 200
a 136 238 0 5 165
a 136 14 0 2 69
a 136 64 0 5 22
a 136 168 0 10 90
a 136 167 0 3 75
a 136 140 0 8 146
a 136 181 0 6 182
a 136 134 0 2 16
a 148 200 0 684 200
a 148 98 0 7 189
a 148 186 0 7 139
a 148 117 0 5 131
a 149 184 0 684 10
a 149 79 0 6 61
a 149 207 0 7 48
a 149 16 0 5 35
a 149 211 0 3 57
a 149 114 0 2 48
a 149 254 0 7 106
a 149 223 0 7 147
a 149 23 0 2 16
a 150 104 0 684 36
a 150 81 0 6 98
a 150 115 0 8 55
a 150 52 0 9 123
a 150 195 0 4 25
a 150 245 0 10 50
a 150 97 0 1 143
a 150 101 0 8 21
a 150 36 0 1 147
a 150 292 0 10 190
a 156 224 0 684 71
a 156 253 0 2 128
a 156 161 0 2 63
a 156 146 0 1 25
a 156 209 0 5 40
a 156 294 0 3 7
a 156 154 0 10 116
a 177 148 0 684 97
a 177 244 0 2 10
a 178 109 0 684 200
a 178 213 0 9 71
a 179 255 0 684 200
a 179 188 0 2 82
a 179 251 0 3 32
a 179 71 0 9 115
a 179 109 0 8 141
a 179 234 0 2 200
a 184 294 0 684 200
a 184 135 0 2 189
a 184 226 0 10 137
a 185 9 0 684 34
a 185 16 0 10 75
a 198 299 0 684 200
a 198 277 0 684 128
a 198 22 0 6 98
a 198 46 0 10 141
a 198 288 0 8 32
a 198 86 0 6 41
a 198 24 0 7 86
a 198 265 0 4 10
a 198 166 0 4 53
a 198 153 0 7 52
a 198 113 0 7 164
a 198 245 0 10 176
a 199 107 0 684 77
a 199 198 0 3 179
a 199 274 0 2 107
a 199 56 0 9 200
a 199 228 0 4 27
a 199 14 0 9 187
a 199 29 0 5 189
a 199 225 0 7 67
a 200 37 0 684 200
a 200 67 0 10 164
a 200 66 0 7 25
a 200 24 0 5 145
a 200 247 0 10 12
a 200 269 0 8 22
a 200 266 0 8 82
a 200 268 0 2 119
a 200 162 0 4 91
a 200 182 0 5 65
a 200 106 0 5 193
a 212 128 0 684 24
a 212 107 0 3 176
a 212 12 0 3 39
a 212 16 0 10 50
a 212 207 0 6 127
a 212 134 0 4 99
a 212 32 0 5 165
a 212 145 0 10 22
a 212 249 0 10 195
a 220 156 0 684 200
a 220 11 0 5 62
a 220 48 0 2 41
a 220 217 0 6 78
a 220 183 0 8 49
a 220 50 0 7 67
a 224 199 0 684 125
a 224 212 0 9 10
a 224 170 0 6 51
a 224 290 0 5 38
a 224 15 0 5 30
a 224 13 0 7 153
a 224 236 0 10 44
a 224 120 0 10 169
a 237 136 0 684 200
a 237 181 0 4 15
a 237 223 0 5 167
a 237 261 0 2 179
a 237 246 0 7 114
a 237 230 0 2 75
a 237 162 0 7 10
a 239 102 0 684 200
a 239 200 0 10 166
a 239 275 0 8 72
a 239 189 0 3 179
a 239 162 0 2 41
a 239 11 0 10 120
a 243 178 0 684 200
a 243 233 0 6 100
a 243 162 0 3 5
a 243 166 0 10 67
a 243 110 0 4 200
a 243 125 0 10 193
a 243 234 0 9 194
a 255 126 0 684 10
a 255 244 0 3 53
a 255 213 0 10 63
a 255 151 0 1 116
a 255 242 0 5 130
a 255 233 0 7 155
a 277 28 0 684 200
a 277 228 0 7 7
a 277 222 0 9 169
a 277 156 0 7 160
a 285 237 0 684 200
a 285 114 0 9 178
a 285 147 0 5 120
a 285 93 0 2 178
a 285 37 0 5 168
a 285 108 0 3 93
a 285 167 0 7 179
a 285 232 0 8 5
a 285 251 0 8 61
a 285 106 0 3 36
a 7 263 0 397 200
a 7 210 0 5 64
a 7 255 0 8 190
a 7 57 0 6 118
a 7 239 0 6 121
a 15 260 0 397 200
a 15 45 0 10 29
a 15 132 0 5 98
a 15 27 0 3 106
a 15 51 0 4 13
a 15 244 0 9 76
a 18 15 0 397 90
a 18 135 0 4 58
a 18 212 0 6 18
a 18 249 0 2 23
a 18 89 0 1 149
a 18 197 0 8 124
a 18 116 0 4 73
a 18 12 0 10 58
a 19 18 0 397 160
a 19 85 0 10 43
a 19 253 0 8 7
a 19 174 0 8 77
a 19 227 0 6 39
a 26 181 0 397 34
a 26 20 0 3 158
a 26 109 0 6 111
a 26 28 0 4 57
a 27 19 0 397 91
a 27 21 0 6 123
a 27 146 0 5 50
a 27 125 0 8 106
a 27 44 0 2 69
a 27 151 0 4 96
a 27 55 0 10 48
a 27 167 0 3 84
a 27 277 0 8 16
a 27 133 0 10 174
a 40 176 0 397 200
a 40 12 0 9 70
a 40 70 0 8 20
a 40 285 0 7 77
a 40 237 0 10 53
a 40 32 0 3 22
a 44 279 0 397 148
a 44 67 0 8 199
a 44 111 0 10 116
a 46 56 0 397 106
a 46 20 0 2 125
a 46 152 0 9 72
a 46 80 0 7 183
a 46 43 0 6 108
a 46 235 0 4 190
a 46 50 0 9 16
a 46 186 0 3 88
a 46 120 0 4 66
a 56 92 0 397 200
a 56 257 0 10 95
a 56 284 0 5 18
a 56 98 0 9 77
a 56 26 0 1 22
a 56 40 0 4 37
a 56 81 0 9 146
a 56 167 0 9 98
a 56 143 0 10 177
a 56 264 0 1 179
a 68 292 0 397 200
a 68 296 0 397 200
a 68 254 0 5 49
a 71 157 0 397 32
a 71 173 0 1 8
a 71 237 0 4 113
a 71 170 0 8 39
a 71 142 0 1 95
a 71 278 0 8 6
a 71 272 0 7 182
a 71 13 0 9 5
a 78 27 0 397 200
a 78 148 0 9 77
a 78 68 0 7 192
a 78 270 0 6 74
a 89 40 0 397 200
a 89 291 0 6 60
a 92 129 0 397 153
a 92 18 0 2 134
a 92 238 0 1 200
a 101 71 0 397 6
a 101 94 0 7 155
a 101 232 0 9 147
a 101 134 0 5 12
a 116 78 0 397 77
a 116 195 0 2 130
a 116 153 0 2 81
a 116 95 0 9 109
a 129 140 0 397 200
a 129 77 0 6 191
a 129 240 0 7 4
a 129 144 0 8 128
a 129 231 0 3 41
a 139 101 0 397 200
a 139 153 0 6 162
a 139 271 0 10 32
a 139 44 0 1 35
a 139 61 0 8 36
a 139 234 0 1 124
a 139 43 0 9 20
a 139 296 0 6 197
a 140 196 0 397 200
a 140 136 0 2 54
a 140 226 0 6 123
a 140 22 0 5 198
a 140 156 0 10 61
a 140 74 0 8 30
a 151 44 0 397 200
a 151 160 0 9 191
a 151 290 0 1 38
a 153 116 0 397 193
a 153 237 0 7 169
a 153 105 0 5 74
a 155 216 0 397 140
a 155 87 0 9 70
a 155 282 0 6 17
a 155 217 0 4 82
a 155 132 0 8 86
a 155 297 0 4 98
a 155 257 0 10 138
a 155 181 0 9 124
a 155 209 0 2 170
a 157 275 0 397 200
a 157 35 0 3 59
a 157 201 0 10 87
a 157 50 0 7 161
a 157 130 0 2 171
a 157 58 0 4 56
a 157 46 0 3 49
a 157 110 0 6 191
a 169 139 0 397 99
a 169 246 0 5 90
a 176 187 0 397 200
a 176 68 0 3 58
a 176 45 0 10 145
a 176 162 0 2 104
a 176 35 0 5 34
a 176 283 0 6 97
a 176 140 0 10 159
a 176 221 0 3 57
a 176 132 0 6 137
a 176 216 0 7 158
a 176 122 0 1 21
a 181 276 0 397 200
a 181 209 0 9 159
a 187 287 0 397 69
a 187 183 0 5 178
a 187 226 0 1 121
a 187 93 0 3 26
a 187 203 0 6 44
a 187 26 0 1 53
a 187 128 0 3 49
a 187 115 0 5 72
a 187 163 0 9 125
a 196 235 0 397 168
a 196 266 0 7 17
a 216 153 0 397 200
a 216 255 0 10 22
a 216 274 0 7 84
a 216 198 0 4 158
a 216 38 0 9 59
a 235 250 0 397 200
a 235 87 0 4 81
a 235 272 0 1 186
a 235 203 0 10 200
a 235 184 0 7 129
a 235 45 0 2 162
a 235 227 0 6 10
a 235 296 0 1 136
a 235 171 0 6 95
a 235 125 0 1 131
a 235 40 0 4 43
a 250 155 0 397 75
a 250 279 0 8 69
a 260 151 0 397 132
a 260 76 0 7 159
a 260 23 0 5 55
a 260 172 0 2 63
a 260 56 0 6 150
a 260 137 0 3 163
a 263 46 0 397 200
a 263 288 0 7 33
a 263 182 0 6 170
a 263 43 0 10 47
a 275 26 0 397 177
a 275 89 0 4 16
a 275 210 0 3 15
a 275 135 0 5 130
a 275 236 0 2 89
a 275 52 0 1 58
a 276 68 0 397 200
a 276 124 0 2 186
a 276 164 0 5 79
a 276 56 0 8 133
a 276 125 0 10 47
a 276 156 0 2 181
a 276 97 0 6 21
a 276 244 0 6 109
a 276 154 0 7 150
a 279 89 0 397 200
a 279 159 0 7 22
a 279 278 0 6 12
a 279 181 0 9 15
a 279 21 0 10 177
a 279 143 0 7 121
a 279 242 0 3 177
a 287 169 0 397 200
a 287 157 0 2 182
a 287 175 0 7 42
a 287 246 0 6 79
a 287 249 0 8 118
a 287 256 0 7 25
a 287 193 0 9 167
a 287 43 0 2 105
a 287 270 0 8 16
a 8 167 0 424 144
a 8 55 0 1 74
a 8 44 0 6 25
a 8 61 0 1 128
a 17 278 0 424 103
a 17 85 0 10 35
a 17 25 0 1 103
a 17 98 0 8 54
a 17 88 0 8 8
a 17 157 0 3 12
a 17 216 0 8 30
a 25 79 0 424 36
a 25 183 0 4 128
a 25 103 0 10 82
a 25 65 0 8 150
a 25 39 0 3 15
a 25 134 0 6 97
a 25 157 0 2 15
a 25 124 0 5 76
a 25 84 0 3 55
a 25 178 0 5 72
a 36 197 0 424 200
a 36 72 0 8 38
a 36 296 0 7 53
a 36 163 0 10 165
a 36 95 0 5 105
a 36 234 0 10 54
a 39 17 0 424 167
a 39 102 0 4 116
a 39 277 0 9 31
a 42 121 0 424 20
a 42 224 0 9 31
a 42 234 0 8 183
a 42 112 0 1 200
a 42 161 0 7 161
a 42 140 0 5 181
a 59 119 0 424 9
a 59 273 0 2 31
a 59 187 0 6 49
a 65 293 0 424 21
a 65 67 0 424 146
a 65 211 0 3 87
a 65 152 0 6 77
a 65 183 0 9 105
a 67 162 0 424 200
a 67 267 0 8 150
a 67 168 0 4 14
a 67 200 0 7 129
a 67 31 0 5 176
a 67 144 0 3 137
a 67 225 0 2 95
a 69 267 0 424 7
a 69 254 0 8 12
a 69 226 0 2 175
a 69 56 0 10 3
a 74 168 0 424 159
a 74 133 0 5 88
a 74 132 0 1 87
a 74 64 0 4 137
a 79 174 0 424 199
a 79 299 0 5 144
a 79 190 0 8 57
a 90 297 0 424 200
a 90 42 0 424 9
a 90 280 0 7 167
a 90 123 0 6 67
a 90 47 0 9 88
a 90 129 0 1 120
a 90 235 0 9 88
a 90 83 0 2 40
a 90 110 0 4 36
a 90 283 0 6 96
a 90 43 0 9 157
a 90 169 0 5 109
a 112 253 0 424 91
a 112 188 0 6 146
a 112 262 0 5 102
a 115 161 0 424 200
a 115 246 0 8 151
a 115 147 0 2 52
a 115 254 0 1 10
a 115 263 0 2 15
a 119 299 0 424 200
a 119 135 0 4 43
a 119 40 0 5 177
a 119 147 0 7 196
a 119 23 0 8 92
a 119 300 0 3 84
a 119 295 0 1 123
a 121 112 0 424 156
a 121 108 0 5 119
a 121 280 0 8 80
a 121 163 0 1 15
a 121 195 0 10 113
a 121 245 0 7 88
a 121 200 0 1 153
a 121 207 0 10 198
a 121 102 0 10 160
a 141 69 0 424 129
a 141 60 0 1 179
a 141 206 0 3 193
a 141 159 0 1 46
a 141 176 0 3 63
a 161 204 0 424 174
a 161 166 0 5 118
a 161 77 0 1 34
a 161 56 0 9 191
a 161 201 0 1 174
a 161 29 0 9 44
a 162 115 0 424 200
a 162 96 0 6 28
a 162 236 0 7 48
a 167 173 0 424 200
a 167 81 0 7 188
a 167 212 0 8 164
a 167 33 0 3 195
a 167 253 0 5 131
a 167 169 0 8 31
a 167 152 0 10 130
a 167 52 0 5 96
a 167 107 0 10 153
a 167 117 0 10 24
a 167 296 0 9 84
a 168 59 0 424 200
a 168 92 0 6 107
a 168 130 0 10 127
a 168 79 0 7 120
a 168 56 0 9 52
a 168 249 0 8 136
a 168 262 0 1 177
a 168 219 0 1 154
a 170 203 0 424 200
a 170 295 0 424 68
a 170 130 0 1 175
a 173 39 0 424 154
a 173 131 0 4 195
a 173 164 0 6 133
a 173 299 0 9 173
a 173 27 0 3 142
a 173 238 0 6 200
a 173 271 0 5 162
a 174 90 0 424 91
a 174 143 0 5 50
a 197 25 0 424 154
a 197 77 0 7 38
a 197 121 0 4 51
a 203 36 0 424 187
a 203 207 0 8 77
a 204 74 0 424 190
a 204 163 0 9 19
a 204 51 0 6 116
a 204 13 0 5 144
a 204 145 0 9 184
a 204 296 0 9 117
a 204 96 0 5 102
a 204 138 0 8 78
a 204 205 0 2 26
a 204 189 0 2 147
a 225 65 0 424 9
a 225 115 0 6 172
a 225 259 0 2 129
a 225 22 0 5 66
a 225 222 0 2 106
a 225 21 0 10 37
a 253 225 0 424 50
a 253 275 0 8 42
a 253 292 0 10 198
a 253 300 0 9 138
a 253 75 0 5 190
a 253 203 0 4 196
a 253 110 0 7 41
a 253 23 0 7 75
a 253 118 0 6 126
a 253 170 0 5 145
a 253 82 0 7 169
a 267 290 0 424 150
a 267 62 0 1 182
a 267 66 0 6 55
a 267 266 0 2 139
a 267 139 0 2 169
a 269 141 0 424 200
a 269 58 0 10 20
a 269 247 0 4 183
a 278 269 0 424 200
a 278 125 0 8 46
a 278 161 0 6 115
a 290 170 0 424 200
a 290 220 0 1 20
a 290 122 0 8 70
a 290 168 0 10 65
a 290 16 0 6 67
a 290 216 0 5 38
a 290 104 0 9 134
a 290 117 0 7 99
a 290 31 0 10 141
a 290 272 0 4 50
a 290 214 0 7 62
a 290 12 0 4 194
a 290 107 0 9 175
a 290 25 0 4 166
a 1 201 0 26 89
a 1 272 0 10 19
a 1 148 0 9 20
a 1 257 0 4 162
a 1 246 0 2 180
a 1 191 0 9 147
a 1 85 0 1 176
a 1 127 0 10 173
a 1 260 0 1 23
a 1 37 0 10 172
a 1 203 0 2 59
a 1 252 0 7 63
a 13 116 0 26 38
a 13 165 0 4 62
a 13 192 0 1 42
a 13 294 0 3 14
a 13 26 0 5 7
a 33 40 0 26 200
a 33 17 0 3 173
a 33 118 0 1 84
a 33 115 0 1 111
a 33 56 0 9 94
a 33 244 0 2 99
a 33 37 0 5 71
a 33 203 0 8 139
a 33 284 0 5 181
a 33 60 0 1 136
a 33 216 0 8 64
a 40 163 0 26 200
a 40 84 0 4 110
a 40 235 0 3 158
a 45 136 0 26 200
a 45 235 0 6 20
a 45 290 0 7 20
a 45 42 0 5 102
a 45 77 0 8 23
a 45 20 0 3 134
a 45 259 0 7 142
a 45 295 0 9 50
a 45 255 0 7 146
a 45 23 0 5 92
a 51 206 0 26 65
a 51 28 0 5 149
a 51 242 0 4 139
a 51 90 0 6 69
a 51 220 0 9 107
a 51 126 0 2 184
a 57 248 0 26 123
a 57 202 0 3 152
a 57 289 0 4 78
a 57 56 0 3 112
a 57 99 0 7 123
a 77 198 0 26 128
a 77 177 0 2 143
a 77 125 0 4 47
a 77 256 0 6 171
a 77 70 0 10 100
a 93 57 0 26 200
a 93 122 0 7 191
a 93 87 0 7 51
a 93 127 0 10 188
a 93 164 0 7 25
a 104 180 0 26 34
a 104 14 0 3 33
a 104 59 0 9 144
a 104 123 0 6 187
a 104 216 0 2 71
a 104 12 0 5 65
a 104 170 0 3 110
a 104 299 0 4 74
a 104 202 0 1 78
a 104 23 0 5 21
a 116 185 0 26 200
a 116 204 0 10 82
a 116 253 0 9 30
a 116 17 0 6 183
a 116 147 0 4 2
a 119 13 0 26 200
a 119 41 0 7 80
a 119 35 0 6 102
a 119 90 0 1 63
a 119 156 0 9 46
a 119 265 0 9 6
a 119 170 0 3 50
a 119 89 0 5 73
a 119 81 0 3 10
a 119 245 0 6 27
a 119 32 0 7 158
a 119 214 0 1 181
a 129 45 0 26 200
a 129 9 0 9 74
a 129 236 0 6 116
a 129 173 0 2 139
a 129 75 0 1 48
a 136 77 0 26 200
a 136 168 0 5 12
a 136 220 0 7 124
a 136 41 0 5 140
a 136 84 0 1 52
a 136 52 0 10 22
a 136 142 0 8 83
a 136 9 0 4 2
a 136 171 0 1 195
a 140 33 0 26 200
a 140 300 0 5 13
a 140 15 0 7 149
a 140 230 0 2 62
a 140 183 0 4 5
a 140 45 0 1 91
a 140 242 0 9 147
a 140 53 0 7 97
a 140 197 0 8 67
a 140 235 0 6 62
a 150 256 0 26 172
a 150 259 0 1 192
a 150 157 0 9 172
a 150 66 0 1 194
a 150 161 0 5 192
a 150 49 0 9 56
a 150 16 0 2 87
a 150 251 0 6 166
a 150 185 0 3 28
a 150 215 0 7 198
a 150 40 0 2 191
a 150 230 0 3 59
a 159 161 0 26 200
a 159 109 0 5 162
a 161 284 0 26 200
a 161 186 0 4 194
a 161 169 0 8 137
a 163 170 0 26 200
a 163 160 0 10 101
a 163 288 0 2 123
a 163 118 0 7 98
a 163 70 0 2 180
a 163 241 0 10 96
a 163 143 0 2 200
a 163 103 0 9 127
a 163 15 0 6 44
a 164 165 0 26 200
a 164 83 0 2 114
a 164 180 0 8 133
a 164 292 0 3 126
a 165 265 0 26 200
a 165 280 0 8 189
a 165 119 0 5 84
a 165 136 0 5 107
a 170 294 0 26 54
a 170 233 0 4 180
a 170 106 0 1 101
a 170 176 0 5 154
a 170 47 0 7 33
a 170 17 0 6 192
a 170 236 0 4 50
a 170 104 0 6 198
a 170 62 0 7 167
a 180 247 0 26 200
a 180 65 0 5 147
a 180 167 0 3 193
a 180 174 0 1 136
a 180 204 0 7 32
a 180 249 0 3 131
a 180 210 0 3 176
a 185 150 0 26 175
a 185 293 0 26 165
a 185 98 0 8 124
a 185 154 0 7 65
a 185 249 0 7 195
a 185 275 0 2 27
a 185 269 0 6 113
a 185 179 0 4 138
a 198 245 0 26 188
a 198 208 0 6 181
a 198 21 0 10 47
a 198 54 0 8 33
a 198 217 0 10 123
a 198 67 0 1 109
a 198 252 0 7 31
a 198 50 0 10 45
a 201 225 0 26 200
a 201 155 0 6 123
a 201 51 0 4 97
a 201 233 0 5 100
a 201 230 0 9 122
a 201 209 0 1 115
a 201 25 0 9 23
a 205 129 0 26 200
a 205 300 0 7 33
a 205 117 0 5 192
a 205 34 0 1 73
a 205 44 0 4 64
a 205 195 0 9 65
a 205 293 0 6 46
a 205 123 0 10 113
a 205 14 0 7 21
a 205 158 0 2 174
a 205 140 0 5 40
a 206 164 0 26 82
a 206 180 0 6 35
a 206 84 0 4 22
a 206 41 0 4 127
a 206 148 0 9 170
a 206 257 0 2 163
a 206 105 0 9 6
a 206 111 0 3 159
a 225 93 0 26 200
a 225 58 0 4 23
a 225 180 0 5 76
a 238 104 0 26 200
a 238 255 0 9 91
a 238 10 0 5 143
a 238 83 0 9 58
a 238 244 0 5 155
a 238 93 0 5 76
a 238 15 0 3 40
a 238 172 0 10 89
a 245 238 0 26 200
a 245 175 0 5 97
a 245 195 0 2 21
a 247 140 0 26 68
a 247 105 0 7 26
a 248 51 0 26 200
a 248 201 0 1 30
a 248 188 0 10 66
a 256 159 0 26 200
a 256 114 0 5 191
a 256 136 0 4 64
a 256 218 0 1 146
a 256 184 0 6 75
a 265 286 0 26 200
a 265 130 0 8 48
a 265 160 0 4 77
a 265 252 0 8 166
a 265 74 0 1 200
a 265 277 0 10 149
a 265 110 0 7 146
a 265 78 0 6 146
a 265 279 0 1 119
a 265 187 0 2 52
a 284 205 0 26 200
a 284 215 0 8 34
a 284 89 0 6 92
a 284 26 0 6 125
a 284 142 0 7 124
a 284 156 0 4 47
a 286 119 0 26 200
a 286 30 0 3 163
a 286 215 0 10 123
a 286 289 0 1 129
a 286 56 0 1 82
a 286 60 0 8 79
a 286 210 0 4 180
a 286 201 0 5 137
a 286 75 0 1 4
a 286 125 0 3 196
a 286 102 0 9 143
a 2 155 0 89 115
a 2 248 0 6 31
a 2 28 0 5 177
a 2 92 0 10 176
a 2 217 0 5 165
a 11 203 0 89 183
a 11 300 0 3 194
a 11 70 0 4 114
a 11 237 0 6 110
a 18 19 0 89 113
a 18 84 0 10 50
a 18 22 0 9 166
a 18 203 0 10 184
a 18 221 0 1 146
a 18 24 0 9 56
a 18 143 0 8 153
a 19 158 0 89 156
a 19 122 0 6 19
a 19 144 0 7 58
a 19 93 0 1 26
a 27 269 0 89 200
a 27 131 0 9 181
a 28 211 0 89 200
a 28 132 0 2 145
a 29 270 0 89 200
a 29 31 0 8 48
a 29 227 0 9 25
a 29 70 0 6 56
a 29 115 0 9 13
a 29 177 0 5 114
a 29 259 0 7 167
a 29 71 0 2 32
a 55 299 0 89 200
a 55 40 0 5 23
a 55 62 0 6 139
a 55 63 0 5 118
a 59 184 0 89 200
a 59 40 0 6 195
a 59 203 0 10 158
a 59 162 0 9 146
a 59 137 0 2 55
a 59 197 0 4 192
a 59 80 0 4 68
a 62 151 0 89 110
a 62 147 0 8 163
a 62 176 0 7 104
a 62 88 0 5 54
a 62 260 0 4 97
a 62 65 0 3 127
a 89 124 0 89 200
a 89 253 0 10 27
a 89 298 0 2 83
a 89 202 0 5 152
a 89 52 0 4 78
a 109 186 0 89 200
a 109 38 0 6 9
a 109 239 0 5 136
a 109 247 0 2 104
a 109 34 0 9 132
a 109 103 0 10 85
a 109 72 0 8 157
a 109 165 0 8 67
a 109 191 0 9 77
a 109 229 0 8 87
a 117 55 0 89 200
a 117 254 0 6 89
a 117 75 0 6 188
a 117 279 0 7 42
a 117 199 0 9 125
a 121 62 0 89 200
a 121 250 0 9 171
a 124 230 0 89 200
a 124 268 0 7 147
a 124 294 0 10 165
a 124 69 0 1 59
a 124 77 0 2 92
a 126 289 0 89 172
a 126 25 0 8 115
a 126 297 0 9 193
a 126 243 0 9 3
a 126 296 0 10 99
a 126 76 0 9 4
a 126 88 0 4 16
a 126 49 0 6 109
a 126 21 0 8 78
a 126 263 0 7 131
a 134 27 0 89 200
a 134 69 0 7 79
a 143 246 0 89 200
a 143 167 0 9 112
a 143 93 0 10 189
a 143 108 0 9 85
a 143 257 0 2 159
a 143 142 0 7 38
a 143 135 0 6 88
a 143 145 0 9 192
a 143 278 0 6 8
a 151 217 0 89 200
a 151 90 0 1 82
a 151 22 0 1 172
a 151 117 0 5 109
a 151 213 0 3 146
a 151 218 0 9 19
a 151 17 0 9 151
a 151 141 0 5 135
a 151 202 0 10 137
a 155 231 0 89 46
a 155 297 0 2 96
a 155 227 0 7 96
a 155 10 0 1 74
a 155 295 0 7 16
a 155 82 0 5 190
a 158 212 0 89 11
a 158 69 0 7 56
a 184 126 0 89 31
a 184 18 0 10 103
a 184 100 0 10 46
a 186 28 0 89 200
a 186 216 0 6 190
a 186 105 0 8 84
a 186 202 0 4 167
a 186 151 0 4 121
a 186 243 0 1 151
a 186 168 0 6 75
a 186 234 0 3 40
a 192 18 0 89 166
a 192 259 0 2 107
a 192 105 0 10 148
a 192 16 0 9 106
a 192 293 0 10 39
a 192 33 0 4 2
a 192 22 0 3 117
a 192 90 0 9 87
a 192 126 0 9 78
a 203 192 0 89 170
a 203 11 0 3 83
a 203 261 0 2 55
a 203 12 0 10 85
a 203 153 0 3 140
a 203 136 0 10 99
a 203 92 0 6 48
a 203 19 0 8 76
a 203 64 0 7 142
a 211 11 0 89 200
a 211 131 0 2 47
a 211 255 0 6 67
a 211 262 0 10 8
a 211 50 0 8 77
a 211 156 0 7 161
a 211 147 0 9 129
a 211 29 0 10 155
a 211 86 0 6 98
a 212 121 0 89 65
a 212 290 0 4 198
a 212 224 0 3 41
a 212 80 0 8 15
a 212 24 0 4 98
a 212 226 0 10 20
a 212 9 0 3 15
a 212 79 0 7 75
a 212 93 0 7 71
a 212 96 0 5 193
a 212 186 0 8 97
a 217 293 0 89 200
a 217 59 0 89 200
a 217 26 0 6 132
a 217 136 0 7 67
a 217 248 0 6 49
a 217 257 0 6 9
a 223 29 0 89 200
a 223 215 0 1 15
a 223 31 0 3 7
a 223 194 0 5 171
a 223 197 0 8 97
a 230 109 0 89 185
a 230 70 0 8 188
a 231 143 0 89 200
a 231 19 0 1 143
a 231 223 0 9 75
a 231 188 0 8 63
a 231 149 0 10 162
a 231 255 0 2 44
a 246 134 0 89 31
a 246 275 0 5 73
a 246 271 0 9 30
a 246 129 0 4 88
a 246 233 0 1 112
a 246 294 0 4 43
a 246 30 0 2 21
a 246 297 0 8 73
a 246 23 0 3 192
a 246 144 0 7 44
a 246 228 0 9 7
a 258 117 0 89 200
a 258 261 0 10 69
a 258 219 0 8 151
a 258 150 0 3 119
a 258 26 0 7 95
a 269 223 0 89 36
a 269 24 0 3 101
a 269 113 0 6 29
a 269 110 0 9 90
a 269 203 0 6 66
a 269 238 0 10 172
a 269 168 0 10 72
a 269 159 0 1 168
a 269 278 0 10 193
a 269 115 0 7 61
a 269 210 0 3 26
a 270 272 0 89 106
a 270 14 0 5 178
a 270 268 0 4 138
a 270 192 0 10 20
a 270 106 0 10 117
a 270 78 0 6 134
a 270 145 0 6 19
a 270 188 0 10 20
a 270 240 0 8 37
a 272 89 0 89 82
a 272 279 0 1 82
a 272 179 0 7 167
a 272 267 0 2 143
a 272 214 0 3 191
a 272 225 0 8 37
a 289 258 0 89 178
a 289 131 0 7 168
a 289 217 0 2 15
a 289 66 0 1 184
a 289 137 0 7 30
a 289 161 0 9 89
a 289 75 0 2 137
a 289 241 0 4 24
a 289 273 0 9 36
a 3 244 0 682 47
a 3 39 0 9 169
a 3 99 0 8 167
a 3 47 0 4 3
a 3 24 0 2 57
a 21 67 0 682 200
a 21 265 0 6 163
a 44 194 0 682 200
a 44 165 0 5 102
a 44 277 0 6 140
a 44 292 0 6 100
a 44 242 0 9 106
a 44 207 0 1 145
a 53 63 0 682 200
a 53 114 0 10 68
a 53 272 0 9 67
a 53 242 0 7 166
a 53 200 0 2 139
a 53 249 0 6 185
a 53 66 0 6 83
a 53 169 0 6 98
a 53 295 0 7 193
a 53 154 0 4 121
a 53 67 0 5 40
a 53 10 0 5 72
a 58 257 0 682 200
a 58 81 0 7 20
a 58 165 0 2 164
a 58 187 0 5 59
a 58 263 0 9 44
a 58 143 0 2 87
a 58 261 0 7 105
a 58 275 0 6 74
a 58 56 0 2 194
a 58 92 0 7 23
a 58 83 0 6 149
a 58 250 0 10 32
a 61 110 0 682 200
a 61 140 0 1 117
a 61 166 0 1 71
a 61 122 0 8 151
a 61 252 0 9 174
a 61 172 0 10 128
a 63 94 0 682 200
a 63 93 0 7 73
a 63 112 0 10 72
a 63 138 0 9 174
a 63 283 0 4 18
a 63 185 0 5 117
a 63 64 0 2 3
a 67 190 0 682 200
a 67 140 0 10 176
a 67 100 0 3 120
a 67 161 0 6 51
a 67 191 0 6 190
a 69 240 0 682 163
a 69 139 0 8 144
a 69 105 0 2 79
a 69 295 0 7 23
a 69 216 0 9 88
a 74 69 0 682 72
a 74 221 0 6 68
a 74 144 0 2 200
a 74 252 0 4 41
a 74 226 0 9 185
a 74 105 0 8 82
a 74 285 0 6 41
a 85 53 0 682 38
a 85 261 0 6 64
a 92 226 0 682 126
a 92 126 0 8 194
a 92 263 0 2 194
a 92 9 0 4 179
a 92 272 0 2 124
a 92 167 0 3 114
a 92 90 0 4 129
a 92 294 0 6 82
a 94 135 0 682 111
a 94 122 0 1 130
a 94 130 0 4 164
a 94 64 0 3 126
a 94 242 0 1 200
a 94 263 0 5 149
a 94 67 0 4 17
a 94 219 0 5 171
a 94 225 0 8 200
a 94 238 0 4 20
a 94 228 0 10 196
a 94 196 0 5 195
a 101 200 0 682 200
a 101 199 0 1 33
a 101 40 0 6 174
a 101 106 0 1 154
a 101 189 0 1 198
a 110 216 0 682 200
a 110 51 0 10 140
a 110 84 0 6 124
a 110 258 0 4 115
a 110 64 0 4 104
a 110 242 0 1 125
a 115 44 0 682 200
a 115 131 0 4 21
a 115 142 0 3 31
a 115 149 0 9 160
a 115 129 0 2 88
a 115 47 0 1 175
a 115 52 0 3 32
a 115 274 0 8 19
a 115 136 0 9 39
a 131 74 0 682 185
a 131 277 0 4 176
a 131 165 0 2 167
a 131 191 0 8 179
a 131 67 0 9 133
a 133 58 0 682 32
a 133 178 0 3 170
a 135 133 0 682 200
a 135 46 0 10 178
a 135 55 0 4 94
a 135 155 0 6 171
a 135 220 0 4 96
a 135 192 0 1 107
a 135 16 0 4 7
a 135 113 0 8 13
a 135 120 0 4 78
a 135 146 0 5 73
a 135 74 0 5 141
a 135 219 0 3 128
a 135 191 0 9 4
a 139 295 0 682 200
a 139 185 0 8 18
a 139 287 0 5 131
a 139 296 0 6 151
a 139 126 0 8 174
a 139 216 0 10 118
a 139 105 0 4 69
a 139 199 0 2 104
a 142 21 0 682 155
a 142 66 0 10 38
a 142 184 0 10 89
a 142 177 0 9 53
a 142 290 0 8 87
a 142 22 0 3 56
a 142 171 0 6 76
a 142 181 0 7 155
a 142 70 0 4 163
a 142 74 0 6 164
a 142 165 0 8 158
a 142 89 0 4 89
a 149 101 0 682 183
a 149 184 0 4 14
a 149 168 0 1 193
a 175 139 0 682 200
a 175 201 0 3 132
a 175 106 0 9 18
a 175 179 0 2 18
a 175 212 0 2 193
a 176 280 0 682 136
a 176 21 0 6 197
a 176 285 0 9 22
a 176 32 0 10 169
a 176 182 0 7 163
a 176 125 0 1 107
a 176 223 0 5 109
a 176 281 0 4 95
a 176 248 0 2 131
a 176 81 0 3 144
a 176 160 0 3 41
a 176 9 0 7 193
a 178 149 0 682 200
a 178 145 0 7 181
a 178 175 0 3 86
a 179 142 0 682 33
a 179 19 0 9 80
a 179 230 0 8 63
a 179 85 0 1 105
a 179 54 0 6 177
a 179 219 0 6 12
a 179 246 0 10 77
a 179 55 0 9 177
a 179 190 0 8 115
a 179 204 0 9 142
a 190 61 0 682 23
a 190 45 0 5 185
a 190 111 0 10 95
a 190 263 0 5 100
a 190 174 0 7 84
a 190 232 0 3 100
a 190 98 0 1 147
a 194 274 0 682 200
a 194 298 0 682 200
a 194 48 0 8 49
a 194 149 0 5 57
a 194 79 0 8 161
a 194 224 0 7 89
a 194 171 0 5 75
a 200 262 0 682 62
a 200 33 0 7 195
a 200 110 0 9 110
a 200 27 0 1 75
a 200 210 0 8 72
a 200 85 0 3 31
a 200 232 0 8 176
a 200 299 0 6 118
a 200 208 0 3 62
a 200 68 0 9 17
a 216 131 0 682 42
a 216 112 0 6 37
a 216 236 0 1 85
a 216 266 0 2 135
a 216 274 0 7 167
a 216 293 0 9 80
a 216 251 0 7 168
a 226 175 0 682 200
a 226 130 0 8 82
a 226 61 0 9 113
a 226 95 0 2 137
a 226 9 0 1 169
a 226 43 0 4 17
a 226 126 0 10 9
a 226 36 0 10 172
a 240 115 0 682 181
a 240 33 0 8 176
a 240 255 0 8 15
a 240 179 0 8 141
a 240 102 0 10 199
a 240 82 0 9 85
a 240 88 0 2 5
a 240 236 0 6 124
a 240 229 0 9 66
a 240 21 0 1 60
a 240 197 0 6 200
a 240 87 0 5 182
a 244 178 0 682 6
a 244 283 0 4 168
a 244 173 0 5 110
a 244 208 0 1 118
a 244 145 0 6 67
a 244 223 0 3 180
a 244 107 0 10 61
a 244 176 0 3 10
a 257 92 0 682 99
a 257 94 0 8 88
a 257 181 0 2 149
a 257 287 0 1 100
a 257 101 0 8 52
a 257 298 0 3 4
a 262 176 0 682 164
a 262 51 0 8 125
a 262 36 0 1 24
a 262 159 0 9 194
a 262 293 0 9 168
a 262 202 0 2 35
a 274 85 0 682 6
a 274 276 0 3 172
a 274 116 0 3 19
a 274 185 0 7 154
a 280 179 0 682 127
a 280 220 0 10 38
a 280 264 0 4 125
a 280 213 0 5 24
a 4 15 0 784 200
a 4 63 0 7 161
a 4 36 0 8 134
a 4 93 0 8 181
a 4 115 0 6 108
a 4 272 0 5 148
a 4 88 0 7 79
a 4 24 0 10 186
a 4 189 0 7 136
a 4 201 0 8 70
a 4 170 0 3 85
a 4 39 0 1 20
a 15 34 0 784 138
a 15 17 0 8 141
a 15 298 0 2 21
a 15 154 0 4 42
a 15 113 0 10 188
a 15 205 0 5 80
a 15 62 0 4 3
a 15 97 0 7 148
a 15 118 0 4 77
a 15 242 0 6 175
a 15 132 0 7 133
a 15 292 0 4 85
a 32 281 0 784 200
a 32 135 0 2 176
a 32 199 0 5 54
a 32 139 0 9 33
a 32 142 0 10 132
a 32 61 0 6 100
a 32 249 0 3 119
a 32 149 0 7 57
a 32 144 0 5 84
a 32 272 0 10 96
a 32 259 0 6 115
a 34 264 0 784 2
a 34 145 0 4 152
a 34 16 0 3 112
a 34 137 0 2 147
a 34 272 0 4 79
a 34 106 0 2 200
a 34 53 0 1 29
a 34 21 0 1 54
a 34 40 0 7 83
a 34 17 0 3 170
a 34 86 0 2 198
a 34 262 0 6 181
a 38 283 0 784 200
a 38 35 0 1 116
a 39 113 0 784 169
a 39 146 0 7 58
a 39 116 0 10 184
a 39 180 0 9 86
a 39 123 0 1 162
a 39 173 0 10 117
a 39 47 0 6 120
a 39 263 0 6 2
a 39 212 0 6 121
a 39 221 0 4 154
a 39 50 0 10 157
a 39 145 0 4 156
a 56 79 0 784 200
a 56 54 0 8 179
a 56 72 0 2 21
a 56 53 0 4 59
a 56 273 0 8 198
a 56 41 0 4 114
a 56 275 0 7 139
a 56 209 0 9 71
a 56 186 0 3 150
a 66 296 0 784 136
a 66 198 0 8 39
a 66 36 0 2 64
a 66 228 0 3 162
a 66 207 0 5 26
a 66 254 0 7 59
a 66 26 0 10 5
a 66 52 0 3 168
a 66 271 0 2 173
a 66 273 0 7 83
a 66 249 0 7 80
a 73 196 0 784 10
a 73 294 0 5 149
a 73 38 0 7 153
a 73 82 0 1 88
a 73 145 0 2 69
a 73 180 0 5 67
a 73 114 0 1 146
a 79 39 0 784 200
a 79 114 0 8 90
a 79 62 0 5 184
a 79 188 0 9 101
a 79 198 0 4 30
a 79 219 0 4 101
a 80 237 0 784 200
a 80 177 0 8 71
a 80 244 0 10 28
a 80 68 0 2 93
a 80 67 0 10 7
a 80 252 0 5 128
a 80 110 0 7 135
a 81 138 0 784 200
a 81 251 0 7 30
a 81 78 0 3 29
a 82 38 0 784 35
a 82 256 0 7 61
a 82 300 0 1 190
a 82 113 0 7 80
a 82 243 0 7 28
a 90 132 0 784 200
a 90 111 0 4 134
a 90 129 0 2 11
a 90 233 0 5 89
a 90 246 0 7 185
a 90 54 0 5 47
a 90 147 0 2 86
a 106 73 0 784 145
a 106 227 0 6 72
a 106 273 0 8 135
a 106 272 0 5 145
a 106 16 0 9 157
a 106 280 0 1 166
a 106 72 0 3 194
a 106 230 0 4 47
a 112 120 0 784 200
a 112 50 0 8 6
a 112 184 0 2 165
a 112 171 0 4 130
a 112 212 0 2 103
a 112 270 0 4 24
a 112 94 0 2 113
a 112 183 0 10 111
a 112 14 0 9 19
a 112 42 0 7 163
a 113 288 0 784 200
a 113 30 0 9 65
a 113 94 0 5 91
a 113 21 0 10 96
a 113 51 0 4 187
a 113 279 0 4 88
a 113 268 0 10 103
a 113 211 0 6 30
a 113 153 0 5 76
a 113 206 0 7 88
a 113 14 0 2 179
a 120 249 0 784 96
a 120 207 0 10 85
a 120 238 0 2 67
a 120 85 0 5 72
a 120 258 0 3 42
a 120 168 0 9 54
a 120 63 0 3 86
a 120 51 0 1 193
a 120 122 0 1 87
a 120 114 0 10 165
a 120 175 0 2 17
a 125 141 0 784 127
a 125 155 0 5 161
a 125 32 0 9 32
a 125 14 0 2 47
a 125 122 0 2 44
a 125 195 0 3 59
a 125 42 0 6 27
a 125 219 0 5 183
a 125 267 0 4 46
a 125 145 0 2 132
a 125 73 0 10 105
a 125 234 0 2 111
a 132 82 0 784 124
a 132 102 0 1 18
a 132 186 0 6 183
a 138 148 0 784 154
a 138 204 0 3 79
a 138 210 0 4 73
a 138 269 0 1 152
a 138 31 0 5 84
a 138 213 0 1 137
a 138 198 0 5 12
a 138 197 0 10 146
a 138 49 0 7 116
a 138 161 0 3 38
a 138 180 0 7 173
a 138 93 0 10 185
a 141 202 0 784 170
a 141 146 0 6 64
a 141 144 0 1 63
a 141 16 0 7 38
a 141 205 0 1 111
a 141 267 0 2 96
a 141 184 0 5 104
a 141 240 0 2 177
a 141 162 0 5 168
a 148 273 0 784 200
a 148 84 0 9 13
a 148 108 0 3 118
a 148 99 0 9 189
a 148 45 0 3 33
a 148 81 0 9 157
a 148 186 0 10 101
a 148 232 0 6 23
a 148 86 0 3 108
a 148 291 0 4 43
a 157 81 0 784 72
a 157 49 0 7 75
a 157 74 0 7 158
a 157 243 0 5 18
a 157 295 0 2 123
a 157 22 0 9 110
a 157 166 0 3 48
a 157 293 0 6 24
a 157 221 0 3 85
a 196 275 0 784 200
a 196 198 0 8 116
a 196 18 0 8 19
a 196 86 0 3 8
a 196 148 0 5 84
a 196 220 0 2 26
a 196 129 0 3 2
a 196 61 0 3 144
a 196 230 0 7 94
a 196 280 0 9 149
a 196 266 0 4 38
a 196 176 0 9 103
a 202 261 0 784 27
a 202 147 0 5 196
a 202 281 0 9 86
a 202 106 0 8 103
a 202 146 0 1 18
a 202 211 0 3 25
a 202 270 0 8 127
a 202 176 0 1 2
a 209 213 0 784 200
a 209 214 0 1 88
a 209 35 0 6 152
a 209 212 0 2 79
a 209 9 0 6 112
a 209 243 0 7 73
a 209 280 0 3 41
a 209 252 0 1 6
a 213 125 0 784 19
a 213 72 0 4 178
a 213 89 0 1 113
a 213 283 0 7 77
a 213 20 0 3 88
a 213 90 0 8 142
a 213 61 0 5 151
a 213 219 0 7 78
a 213 64 0 10 141
a 237 32 0 784 40
a 237 174 0 9 112
a 237 33 0 9 74
a 237 139 0 2 66
a 237 200 0 9 43
a 237 90 0 9 89
a 249 80 0 784 200
a 249 33 0 8 127
a 249 298 0 9 190
a 249 295 0 7 185
a 249 246 0 4 194
a 249 119 0 2 187
a 249 269 0 4 95
a 249 134 0 6 89
a 249 69 0 8 139
a 259 90 0 784 200
a 259 183 0 8 3
a 259 116 0 10 18
a 259 291 0 3 56
a 259 281 0 3 169
a 259 161 0 8 98
a 259 227 0 1 65
a 259 167 0 2 194
a 259 200 0 10 71
a 259 189 0 10 198
a 261 157 0 784 200
a 261 132 0 7 161
a 261 115 0 8 68
a 261 127 0 8 46
a 261 292 0 6 5
a 261 268 0 7 90
a 261 196 0 5 180
a 261 48 0 2 167
a 261 234 0 9 104
a 264 259 0 784 200
a 264 48 0 5 160
a 264 72 0 6 183
a 264 14 0 5 119
a 264 268 0 2 21
a 267 56 0 784 200
a 267 294 0 784 200
a 267 244 0 9 16
a 267 129 0 6 128
a 267 81 0 3 101
a 267 255 0 7 41
a 267 265 0 3 197
a 267 68 0 7 177
a 267 135 0 7 14
a 267 41 0 10 127
a 267 288 0 2 78
a 267 94 0 9 195
a 273 112 0 784 200
a 273 233 0 7 60
a 273 28 0 1 115
a 273 231 0 6 166
a 273 110 0 10 28
a 273 177 0 3 20
a 273 267 0 5 25
a 273 289 0 1 160
a 275 209 0 784 200
a 275 92 0 6 180
a 275 206 0 5 19
a 275 111 0 9 183
a 275 26 0 10 112
a 275 190 0 1 27
a 275 100 0 9 145
a 275 13 0 8 134
a 275 82 0 2 5
a 275 256 0 5 177
a 281 267 0 784 200
a 281 105 0 4 129
a 283 106 0 784 73
a 283 94 0 8 159
a 283 40 0 9 157
a 283 160 0 3 63
a 283 97 0 3 114
a 283 101 0 8 20
a 283 296 0 9 40
a 288 66 0 784 200
a 288 145 0 1 177
a 288 171 0 2 123
a 288 182 0 6 102
a 5 239 0 319 14
a 5 35 0 2 14
a 5 16 0 8 190
a 5 93 0 5 104
a 5 188 0 7 96
a 9 111 0 319 64
a 9 94 0 10 91
a 9 187 0 3 58
a 22 123 0 319 200
a 22 156 0 8 200
a 22 207 0 10 6
a 22 26 0 1 157
a 22 130 0 5 59
a 22 66 0 10 65
a 22 11 0 7 81
a 23 235 0 319 200
a 23 162 0 7 22
a 24 95 0 319 200
a 24 264 0 2 183
a 24 106 0 9 74
a 24 17 0 10 23
a 24 112 0 6 50
a 24 240 0 7 132
a 24 178 0 10 200
a 24 47 0 3 133
a 24 130 0 2 126
a 30 127 0 319 137
a 30 277 0 8 180
a 30 179 0 1 86
a 30 120 0 3 199
a 30 279 0 9 105
a 30 207 0 6 34
a 30 171 0 3 175
a 30 265 0 1 188
a 30 36 0 1 56
a 30 150 0 5 105
a 30 94 0 7 92
a 35 22 0 319 13
a 35 267 0 7 104
a 41 168 0 319 200
a 41 121 0 3 126
a 41 172 0 6 12
a 41 219 0 5 64
a 41 163 0 1 82
a 41 244 0 10 174
a 70 24 0 319 200
a 70 294 0 8 111
a 70 21 0 1 181
a 70 213 0 1 129
a 70 10 0 3 128
a 70 184 0 4 181
a 70 123 0 5 153
a 70 12 0 6 90
a 84 86 0 319 31
a 84 300 0 7 54
a 84 279 0 3 185
a 84 135 0 8 145
a 84 228 0 1 21
a 84 273 0 10 145
a 84 154 0 3 86
a 84 41 0 7 156
a 86 9 0 319 168
a 86 210 0 4 113
a 86 157 0 5 139
a 86 251 0 5 160
a 86 287 0 10 182
a 86 164 0 2 151
a 86 234 0 6 38
a 88 147 0 319 162
a 88 137 0 9 116
a 88 206 0 7 151
a 88 161 0 8 14
a 88 172 0 2 91
a 88 32 0 2 106
a 88 250 0 9 55
a 88 193 0 3 51
a 91 30 0 319 65
a 91 194 0 9 18
a 91 277 0 9 26
a 91 141 0 9 172
a 91 217 0 6 76
a 91 188 0 4 157
a 91 212 0 2 31
a 91 59 0 5 109
a 95 188 0 319 200
a 95 181 0 7 175
a 95 30 0 3 200
a 95 18 0 8 153
a 95 26 0 9 9
a 95 226 0 5 74
a 95 194 0 5 52
a 95 235 0 8 3
a 95 190 0 6 61
a 95 97 0 10 7
a 95 49 0 8 66
a 95 249 0 4 10
a 97 107 0 319 200
a 97 19 0 7 101
a 97 230 0 6 5
a 97 121 0 1 79
a 97 11 0 3 126
a 97 174 0 4 156
a 97 111 0 4 175
a 97 297 0 9 38
a 97 300 0 7 163
a 97 280 0 5 165
a 98 35 0 319 116
a 98 148 0 7 50
a 98 268 0 4 28
a 98 13 0 9 119
a 98 27 0 3 179
a 100 41 0 319 77
a 100 202 0 4 189
a 100 32 0 9 123
a 100 10 0 7 80
a 100 161 0 6 103
a 107 204 0 319 200
a 107 200 0 10 56
a 107 299 0 7 93
a 107 290 0 7 95
a 107 14 0 8 37
a 107 40 0 5 129
a 111 137 0 319 152
a 111 268 0 2 139
a 111 299 0 8 177
a 111 161 0 4 174
a 111 74 0 7 95
a 111 234 0 10 116
a 123 291 0 319 200
a 123 21 0 2 2
a 123 34 0 9 45
a 123 192 0 9 118
a 127 299 0 319 200
a 127 218 0 319 86
a 127 108 0 4 60
a 127 175 0 6 14
a 127 32 0 1 174
a 127 185 0 4 134
a 127 194 0 4 65
a 127 30 0 1 104
a 127 111 0 6 119
a 127 61 0 7 34
a 127 160 0 4 157
a 137 23 0 319 149
a 137 51 0 2 144
a 137 161 0 1 127
a 137 204 0 5 188
a 137 289 0 2 113
a 144 91 0 319 200
a 144 172 0 8 184
a 147 152 0 319 200
a 147 159 0 9 26
a 147 156 0 2 34
a 147 253 0 3 174
a 147 245 0 6 188
a 147 116 0 7 19
a 147 296 0 6 167
a 147 51 0 9 18
a 147 284 0 7 36
a 147 33 0 8 63
a 152 98 0 319 200
a 152 294 0 8 185
a 152 53 0 9 75
a 168 84 0 319 200
a 168 210 0 1 169
a 168 207 0 9 195
a 168 53 0 3 162
a 168 144 0 1 175
a 182 70 0 319 200
a 182 214 0 10 140
a 182 215 0 8 156
a 182 95 0 2 195
a 182 156 0 5 52
a 182 66 0 3 136
a 188 293 0 319 139
a 188 300 0 7 180
a 204 285 0 319 200
a 204 232 0 3 64
a 204 187 0 5 153
a 204 73 0 5 59
a 204 59 0 10 113
a 204 288 0 2 133
a 204 228 0 9 144
a 204 85 0 5 77
a 204 264 0 1 196
a 204 243 0 5 11
a 218 97 0 319 200
a 218 284 0 3 10
a 218 59 0 6 91
a 227 144 0 319 13
a 227 206 0 3 186
a 227 273 0 8 2
a 227 104 0 6 51
a 227 172 0 10 167
a 235 260 0 319 16
a 235 25 0 1 34
a 235 55 0 4 28
a 239 100 0 319 200
a 239 218 0 2 126
a 239 33 0 8 170
a 239 290 0 10 27
a 260 88 0 319 153
a 260 95 0 10 120
a 260 61 0 8 61
a 260 255 0 3 36
a 260 275 0 2 156
a 260 258 0 7 167
a 260 120 0 4 162
a 260 209 0 3 165
a 260 114 0 5 102
a 285 182 0 319 72
a 285 269 0 10 56
a 285 75 0 6 177
a 285 133 0 3 98
a 285 208 0 1 63
a 285 163 0 1 196
a 285 79 0 4 164
a 285 288 0 4 19
a 285 61 0 4 126
a 285 107 0 5 92
a 285 168 0 4 139
a 285 48 0 10 143
a 291 227 0 319 104
a 291 268 0 8 162
a 6 48 0 711 105
a 6 36 0 1 76
a 6 12 0 3 191
a 6 71 0 8 108
a 6 132 0 2 137
a 10 60 0 711 3
a 10 73 0 1 66
a 10 106 0 9 196
a 31 294 0 711 63
a 31 202 0 5 182
a 31 252 0 5 143
a 43 31 0 711 200
a 43 46 0 1 5
a 43 103 0 8 183
a 43 213 0 6 114
a 43 162 0 8 139
a 43 13 0 10 104
a 46 234 0 711 200
a 46 197 0 4 53
a 46 50 0 3 56
a 46 36 0 10 196
a 48 279 0 711 200
a 48 276 0 3 123
a 48 28 0 7 21
a 48 266 0 5 46
a 48 69 0 1 11
a 48 185 0 7 81
a 48 129 0 9 22
a 48 201 0 2 157
a 48 9 0 10 92
a 49 99 0 711 101
a 49 158 0 8 11
a 49 25 0 9 73
a 49 198 0 10 131
a 49 231 0 7 43
a 49 228 0 6 85
a 49 276 0 5 88
a 49 222 0 6 130
a 49 97 0 1 25
a 60 174 0 711 96
a 60 128 0 7 91
a 60 210 0 9 88
a 60 161 0 6 160
a 60 22 0 10 7
a 60 242 0 10 76
a 60 19 0 6 113
a 60 291 0 9 45
a 60 265 0 1 43
a 60 248 0 1 32
a 65 173 0 711 200
a 65 247 0 9 38
a 65 257 0 6 190
a 65 56 0 1 109
a 65 289 0 5 180
a 71 167 0 711 200
a 71 169 0 5 15
a 71 173 0 5 107
a 71 299 0 7 104
a 71 35 0 8 97
a 71 190 0 1 94
a 71 112 0 2 173
a 71 234 0 10 56
a 71 275 0 7 117
a 76 243 0 711 200
a 76 40 0 6 188
a 76 29 0 10 20
a 76 183 0 1 14
a 76 92 0 7 55
a 99 207 0 711 200
a 99 286 0 5 132
a 99 65 0 2 66
a 99 249 0 2 56
a 99 267 0 3 87
a 99 145 0 2 116
a 99 166 0 10 155
a 118 65 0 711 180
a 118 246 0 4 84
a 118 159 0 4 84
a 118 186 0 7 96
a 118 176 0 1 59
a 118 68 0 5 131
a 118 290 0 4 100
a 153 71 0 711 200
a 153 232 0 7 58
a 153 294 0 6 125
a 156 193 0 711 88
a 156 209 0 3 196
a 160 76 0 711 200
a 160 77 0 1 65
a 160 120 0 5 191
a 160 162 0 4 140
a 160 145 0 9 46
a 160 45 0 9 194
a 160 220 0 3 130
a 166 49 0 711 171
a 166 300 0 5 14
a 166 273 0 8 35
a 167 197 0 711 134
a 167 67 0 5 82
a 167 253 0 4 14
a 167 255 0 5 124
a 167 44 0 8 180
a 167 157 0 8 68
a 167 295 0 7 124
a 167 218 0 2 24
a 167 280 0 9 79
a 167 22 0 6 17
a 167 176 0 4 144
a 173 153 0 711 170
a 173 130 0 2 93
a 173 144 0 8 57
a 173 35 0 5 69
a 173 41 0 5 142
a 173 30 0 4 131
a 173 152 0 1 32
a 173 48 0 5 6
a 173 67 0 7 193
a 173 298 0 6 163
a 174 214 0 711 66
a 174 74 0 7 88
a 174 234 0 10 187
a 174 19 0 4 82
a 174 229 0 1 123
a 174 136 0 6 163
a 174 253 0 5 25
a 174 287 0 1 118
a 174 143 0 2 5
a 174 120 0 9 157
a 174 26 0 3 174
a 174 164 0 6 22
a 181 271 0 711 104
a 181 239 0 1 125
a 181 235 0 4 49
a 181 90 0 3 137
a 181 127 0 10 141
a 181 287 0 9 164
a 181 257 0 6 164
a 181 132 0 5 187
a 181 102 0 5 131
a 193 199 0 711 200
a 193 215 0 2 30
a 193 143 0 5 69
a 193 67 0 8 96
a 193 109 0 1 148
a 193 230 0 1 74
a 193 55 0 3 7
a 193 44 0 8 169
a 193 270 0 10 87
a 193 206 0 3 66
a 197 46 0 711 200
a 197 114 0 7 105
a 197 84 0 5 163
a 197 14 0 6 145
a 197 64 0 4 163
a 197 85 0 6 163
a 197 53 0 8 20
a 197 54 0 4 164
a 197 122 0 2 196
a 199 166 0 711 200
a 199 87 0 4 104
a 199 142 0 6 176
a 199 136 0 10 138
a 207 297 0 711 200
a 207 253 0 711 200
a 207 204 0 6 86
a 207 124 0 4 139
a 207 214 0 4 192
a 207 132 0 8 111
a 207 107 0 7 116
a 207 173 0 7 118
a 207 258 0 3 30
a 207 78 0 7 187
a 207 59 0 6 81
a 207 22 0 8 108
a 207 267 0 7 176
a 214 181 0 711 27
a 214 12 0 8 76
a 214 183 0 7 56
a 214 148 0 3 95
a 214 244 0 10 10
a 221 282 0 711 200
a 221 267 0 8 129
a 224 268 0 711 200
a 224 269 0 10 170
a 224 273 0 6 20
a 224 9 0 6 95
a 224 151 0 5 163
a 224 47 0 10 79
a 224 156 0 9 129
a 228 43 0 711 200
a 228 168 0 4 165
a 228 27 0 6 13
a 228 24 0 1 129
a 228 227 0 8 113
a 228 296 0 3 173
a 228 88 0 6 105
a 228 264 0 3 8
a 228 92 0 10 144
a 228 166 0 2 156
a 228 225 0 1 189
a 233 160 0 711 13
a 233 262 0 4 62
a 233 114 0 3 131
a 233 119 0 1 144
a 233 89 0 6 10
a 234 233 0 711 200
a 234 53 0 7 177
a 234 70 0 4 74
a 234 100 0 3 20
a 234 243 0 2 8
a 234 150 0 5 107
a 234 95 0 7 188
a 241 290 0 711 200
a 241 11 0 3 72
a 241 227 0 4 81
a 241 24 0 10 49
a 241 19 0 4 161
a 241 267 0 8 160
a 241 98 0 1 13
a 241 156 0 1 196
a 241 300 0 4 96
a 241 77 0 7 81
a 241 176 0 4 57
a 243 228 0 711 131
a 243 245 0 6 100
a 243 101 0 7 185
a 243 69 0 5 90
a 243 194 0 5 135
a 243 182 0 7 66
a 253 221 0 711 63
a 253 20 0 9 180
a 253 37 0 10 59
a 253 129 0 9 67
a 253 126 0 5 148
a 253 54 0 3 28
a 253 55 0 6 77
a 253 288 0 5 127
a 253 265 0 5 102
a 253 252 0 9 86
a 255 156 0 711 66
a 255 180 0 7 44
a 255 37 0 6 144
a 255 149 0 4 35
a 255 273 0 8 175
a 255 61 0 7 176
a 255 150 0 8 80
a 255 207 0 5 33
a 255 117 0 2 62
a 268 255 0 711 173
a 268 38 0 8 124
a 268 18 0 4 71
a 268 293 0 5 9
a 268 234 0 8 169
a 268 40 0 1 45
a 268 279 0 1 30
a 271 241 0 711 11
a 271 284 0 5 21
a 271 275 0 6 18
a 279 10 0 711 46
a 279 142 0 2 25
a 279 160 0 6 127
a 279 61 0 3 166
a 279 22 0 9 197
a 282 118 0 711 200
a 282 210 0 2 70
a 282 172 0 8 62
a 282 66 0 1 160
a 282 164 0 7 83
a 282 63 0 3 71
a 282 124 0 7 199
a 282 158 0 7 196
a 282 248 0 7 188
a 282 201 0 3 37
a 282 197 0 7 137
a 290 224 0 711 29
a 290 220 0 3 114
a 290 184 0 4 14
a 290 154 0 8 166
a 290 62 0 2 48
a 290 26 0 1 108
a 290 222 0 10 35
a 7 145 0 177 56
a 7 238 0 9 144
a 7 135 0 7 165
a 7 191 0 4 166
a 7 194 0 1 142
a 7 186 0 4 143
a 7 147 0 9 119
a 7 220 0 2 147
a 7 260 0 8 78
a 12 254 0 177 85
a 12 229 0 2 75
a 12 127 0 6 104
a 12 178 0 9 194
a 12 270 0 10 178
a 12 84 0 2 61
a 12 29 0 3 133
a 12 261 0 3 35
a 12 253 0 5 200
a 16 72 0 177 200
a 16 248 0 1 122
a 16 98 0 6 19
a 16 133 0 8 189
a 16 191 0 6 23
a 16 249 0 9 143
a 17 25 0 177 200
a 17 218 0 8 128
a 17 214 0 6 11
a 17 225 0 6 47
a 17 250 0 3 43
a 17 255 0 10 62
a 17 269 0 1 116
a 17 240 0 4 55
a 17 220 0 3 63
a 20 183 0 177 200
a 20 99 0 8 145
a 20 253 0 7 22
a 20 50 0 3 54
a 20 90 0 4 136
a 25 12 0 177 200
a 25 300 0 177 200
a 25 90 0 7 75
a 25 251 0 9 137
a 25 45 0 3 136
a 25 59 0 8 176
a 25 267 0 4 65
a 25 39 0 7 20
a 25 261 0 7 200
a 25 139 0 2 13
a 25 136 0 4 130
a 25 205 0 3 70
a 26 16 0 177 200
a 26 22 0 8 25
a 26 196 0 2 189
a 26 250 0 1 65
a 26 93 0 7 187
a 36 220 0 177 178
a 36 98 0 7 4
a 36 123 0 3 125
a 42 20 0 177 200
a 42 185 0 2 101
a 42 46 0 1 137
a 42 113 0 3 124
a 42 191 0 2 187
a 42 52 0 1 40
a 50 219 0 177 200
a 50 230 0 7 182
a 50 146 0 1 2
a 50 129 0 7 126
a 54 208 0 177 191
a 54 98 0 1 4
a 54 234 0 8 151
a 72 103 0 177 124
a 72 35 0 7 79
a 72 16 0 2 96
a 72 131 0 8 55
a 72 275 0 1 42
a 72 208 0 9 161
a 72 199 0 7 115
a 72 253 0 8 176
a 83 191 0 177 200
a 83 245 0 6 193
a 83 69 0 10 173
a 83 222 0 10 6
a 83 123 0 3 135
a 83 114 0 4 125
a 83 284 0 2 154
a 83 140 0 9 188
a 83 215 0 10 161
a 83 296 0 10 26
a 83 29 0 9 29
a 96 278 0 177 43
a 96 62 0 10 162
a 96 190 0 10 154
a 96 120 0 2 36
a 96 121 0 1 75
a 96 136 0 5 148
a 103 54 0 177 200
a 103 133 0 10 131
a 103 172 0 4 14
a 103 77 0 4 101
a 103 122 0 6 122
a 103 108 0 5 195
a 130 83 0 177 200
a 130 169 0 8 165
a 130 37 0 9 13
a 130 115 0 9 64
a 130 110 0 6 145
a 145 215 0 177 200
a 145 229 0 1 21
a 145 152 0 8 16
a 145 297 0 9 186
a 171 172 0 177 66
a 171 40 0 1 145
a 171 252 0 6 116
a 171 238 0 2 77
a 171 140 0 10 153
a 171 9 0 7 182
a 171 216 0 7 134
a 172 50 0 177 60
a 172 181 0 2 42
a 172 142 0 8 140
a 172 116 0 8 67
a 172 62 0 6 51
a 172 211 0 7 125
a 172 249 0 7 127
a 172 219 0 9 29
a 172 282 0 8 83
a 172 233 0 4 44
a 172 204 0 9 139
a 183 210 0 177 63
a 183 249 0 5 157
a 191 236 0 177 58
a 191 46 0 1 92
a 191 295 0 9 149
a 191 15 0 1 84
a 191 273 0 6 121
a 191 140 0 2 167
a 191 229 0 8 132
a 191 234 0 1 198
a 191 138 0 5 93
a 191 23 0 3 137
a 208 263 0 177 200
a 208 50 0 10 139
a 208 157 0 1 40
a 208 197 0 6 84
a 208 169 0 2 7
a 208 254 0 10 135
a 208 189 0 10 67
a 208 204 0 8 9
a 208 130 0 4 134
a 210 17 0 177 200
a 210 155 0 5 176
a 210 134 0 6 167
a 210 234 0 3 46
a 210 246 0 10 68
a 210 219 0 5 39
a 215 171 0 177 200
a 215 42 0 5 140
a 215 285 0 9 200
a 215 77 0 5 131
a 219 36 0 177 200
a 219 27 0 6 31
a 219 283 0 2 10
a 219 248 0 10 144
a 219 208 0 8 124
a 219 171 0 5 67
a 220 42 0 177 200
a 220 200 0 7 113
a 220 180 0 5 49
a 220 285 0 4 184
a 220 156 0 10 19
a 220 191 0 5 61
a 232 96 0 177 200
a 232 18 0 6 137
a 232 119 0 3 95
a 232 274 0 1 147
a 232 253 0 10 20
a 236 26 0 177 200
a 236 115 0 1 179
a 236 154 0 2 129
a 236 30 0 8 8
a 236 244 0 6 104
a 236 275 0 7 103
a 236 24 0 7 161
a 236 252 0 3 45
a 254 130 0 177 200
a 254 32 0 8 126
a 254 189 0 2 9
a 254 19 0 7 106
a 254 53 0 2 198
a 254 218 0 5 55
a 254 22 0 4 22
a 254 284 0 2 80
a 254 48 0 8 175
a 254 96 0 8 189
a 254 172 0 8 115
a 263 232 0 177 200
a 263 125 0 6 71
a 263 170 0 8 143
a 263 20 0 3 99
a 263 140 0 1 41
a 263 74 0 9 71
a 263 225 0 9 101
a 278 298 0 177 16
a 278 95 0 8 3
a 278 15 0 1 85
a 278 169 0 9 134
a 278 224 0 9 29
a 278 14 0 7 156
a 8 75 0 1212 13
a 8 218 0 3 65
a 8 56 0 4 62
a 8 188 0 4 64
a 8 247 0 7 135
a 8 108 0 1 69
a 8 17 0 7 44
a 14 146 0 1212 10
a 14 216 0 10 81
a 14 46 0 1 43
a 14 24 0 2 125
a 14 12 0 2 93
a 14 96 0 2 158
a 14 106 0 5 61
a 14 181 0 5 61
a 37 64 0 1212 127
a 37 115 0 5 53
a 37 59 0 7 29
a 37 96 0 10 112
a 37 176 0 10 41
a 37 177 0 3 50
a 37 154 0 4 48
a 37 180 0 3 60
a 37 249 0 7 132
a 47 229 0 1212 200
a 47 284 0 9 84
a 47 27 0 8 200
a 47 174 0 7 112
a 47 94 0 7 88
a 47 255 0 8 171
a 47 275 0 5 183
a 47 251 0 9 41
a 47 13 0 1 148
a 47 127 0 2 102
a 52 300 0 1212 13
a 52 262 0 9 181
a 52 22 0 8 90
a 52 146 0 10 65
a 52 214 0 8 16
a 52 276 0 6 15
a 52 251 0 6 155
a 52 147 0 4 63
a 52 188 0 6 124
a 52 247 0 5 115
a 64 52 0 1212 200
a 64 154 0 8 188
a 64 205 0 1 188
a 64 65 0 6 65
a 64 118 0 5 185
a 64 155 0 6 194
a 68 195 0 1212 109
a 68 248 0 6 170
a 68 51 0 5 188
a 68 67 0 9 158
a 68 132 0 10 98
a 68 14 0 5 155
a 68 231 0 10 162
a 68 153 0 10 78
a 68 92 0 10 127
a 68 38 0 10 102
a 75 102 0 1212 200
a 75 221 0 4 121
a 75 91 0 4 136
a 75 281 0 9 149
a 78 169 0 1212 156
a 78 241 0 8 112
a 78 157 0 7 66
a 78 237 0 10 26
a 78 270 0 8 25
a 78 280 0 1 58
a 78 91 0 9 91
a 87 78 0 1212 200
a 87 35 0 1 79
a 87 135 0 4 74
a 87 250 0 8 32
a 102 222 0 1212 167
a 102 221 0 10 29
a 102 26 0 1 56
a 102 250 0 10 87
a 105 293 0 1212 151
a 105 252 0 1212 200
a 105 197 0 1 85
a 105 235 0 7 5
a 105 21 0 2 36
a 105 43 0 1 135
a 108 287 0 1212 200
a 108 114 0 10 174
a 108 20 0 3 124
a 108 166 0 9 25
a 108 80 0 4 107
a 108 197 0 7 155
a 114 87 0 1212 200
a 114 35 0 1 188
a 114 119 0 6 173
a 114 231 0 1 17
a 122 251 0 1212 46
a 122 47 0 5 147
a 122 115 0 4 109
a 122 10 0 7 84
a 122 267 0 10 110
a 122 181 0 6 74
a 122 14 0 4 79
a 122 214 0 5 196
a 122 175 0 4 145
a 128 122 0 1212 79
a 128 179 0 6 198
a 128 70 0 10 64
a 128 149 0 8 77
a 128 295 0 10 122
a 146 154 0 1212 200
a 146 205 0 4 155
a 146 155 0 9 119
a 146 71 0 6 2
a 146 158 0 1 165
a 154 47 0 1212 55
a 154 232 0 6 172
a 154 19 0 8 143
a 162 276 0 1212 84
a 162 66 0 4 166
a 162 299 0 6 6
a 162 262 0 7 146
a 169 128 0 1212 79
a 169 186 0 4 80
a 169 153 0 1 98
a 169 19 0 1 67
a 169 251 0 2 48
a 169 64 0 7 113
a 169 146 0 4 158
a 169 9 0 7 69
a 169 41 0 5 127
a 177 37 0 1212 171
a 177 223 0 7 127
a 187 177 0 1212 200
a 187 265 0 9 75
a 187 113 0 10 37
a 187 123 0 8 105
a 189 242 0 1212 165
a 189 148 0 4 5
a 189 23 0 8 97
a 189 48 0 4 31
a 189 177 0 9 11
a 189 202 0 10 200
a 189 37 0 4 83
a 189 41 0 4 183
a 189 258 0 7 48
a 189 247 0 1 176
a 195 292 0 1212 164
a 195 250 0 1212 200
a 195 178 0 7 163
a 195 265 0 4 145
a 195 22 0 5 34
a 195 15 0 10 59
a 195 290 0 9 63
a 195 291 0 10 131
a 222 162 0 1212 200
a 222 17 0 8 156
a 222 15 0 10 152
a 222 249 0 6 53
a 222 191 0 4 79
a 222 282 0 9 84
a 222 285 0 4 131
a 229 189 0 1212 200
a 229 106 0 2 30
a 229 112 0 10 200
a 242 105 0 1212 200
a 242 54 0 8 6
a 242 21 0 2 119
a 242 102 0 4 54
a 242 145 0 4 197
a 242 79 0 10 131
a 242 91 0 1 167
a 250 14 0 1212 86
a 250 217 0 5 49
a 250 136 0 5 132
a 250 115 0 4 134
a 251 266 0 1212 200
a 251 101 0 9 126
a 251 263 0 2 77
a 251 131 0 8 40
a 251 201 0 6 139
a 251 39 0 6 117
a 251 164 0 7 132
a 252 114 0 1212 200
a 252 113 0 6 175
a 252 89 0 10 97
a 252 204 0 4 39
a 252 94 0 6 107
a 266 187 0 1212 190
a 266 110 0 10 146
a 266 292 0 7 47
a 266 111 0 9 14
a 266 167 0 8 97
a 266 213 0 1 49
a 276 108 0 1212 200
a 276 24 0 10 5
a 276 292 0 6 104
a 276 281 0 6 182
a 277 68 0 1212 200
a 277 122 0 2 148
a 277 102 0 6 2
a 277 113 0 8 189
a 277 25 0 4 196
a 287 277 0 1212 24
a 287 295 0 9 22
a 287 112 0 6 165
a 287 231 0 10 62
